44918.000000
45425.000000
46119.000000
47751.000000
48672.000000
50232.000000
52912.000000
53911.000000
54417.000000
55599.000000
57019.000000
59327.000000
59835.000000
62207.000000
64374.000000
65310.000000
66337.000000
132882.000000
200396.000000
266930.000000
332977.000000
400469.000000
466514.000000
534104.000000
602078.000000
668619.000000
735139.000000
801669.000000
868209.000000
934748.000000
1001276.000000
1067811.000000
1134337.000000
1200879.000000
1266819.000000
1333704.000000
1401528.000000
1468065.000000
1534597.000000
1602048.000000
1668617.000000
1735140.000000
1801669.000000
1868213.000000
1934738.000000
2000680.000000
2068310.000000
2134830.000000
2201356.000000
2267895.000000
2334419.000000
2400461.000000
2469065.000000
2535883.000000
2602550.000000
2669076.000000
2735691.000000
2802200.000000
2868762.000000
2935211.000000
3001745.000000
3068276.000000
3134806.000000
3201343.000000
3267875.000000
3334389.000000
3400938.000000
3467473.000000
3534021.000000
3600550.000000
3667077.000000
3733616.000000
3800139.000000
3866183.000000
3868673.000000
3934715.000000
4002302.000000
4068842.000000
4136333.000000
4202890.000000
4269426.000000
4336875.000000
4403428.000000
4469966.000000
4536497.000000
4604003.000000
4670046.000000
4737490.000000
4805040.000000
4871706.000000
4939160.000000
5005202.000000
5072791.000000
5140251.000000
5206885.000000
5273343.000000
5339879.000000
5406406.000000
5472962.000000
5539471.000000
5606006.000000
5674105.000000
5741549.000000
5808102.000000
5874637.000000
5941172.000000
6007698.000000
6073741.000000
6141288.000000
6207819.000000
6274365.000000
6340890.000000
6407428.000000
6473369.000000
6540975.000000
6607889.000000
6674505.000000
6741038.000000
6809112.000000
6875646.000000
6941587.000000
7009167.000000
7075732.000000
7141778.000000
7143791.000000
7211347.000000
7278785.000000
7345339.000000
7411863.000000
7478410.000000
7544955.000000
7611472.000000
7677998.000000
7745547.000000
7812108.000000
7878637.000000
7946630.000000
8013176.000000
8079692.000000
8146224.000000
8212752.000000
8279298.000000
8345812.000000
8411855.000000
8479882.000000
8545826.000000
8613462.000000
8679506.000000
8747082.000000
8814619.000000
8881072.000000
8947592.000000
9014162.000000
9080692.000000
9147212.000000
9213743.000000
9279787.000000
9348385.000000
9414818.000000
9481369.000000
9547900.000000
9614437.000000
9680481.000000
9748054.000000
9815517.000000
9882082.000000
9949133.000000
10015676.000000
10082205.000000
10149677.000000
10215720.000000
10283321.000000
10349829.000000
10416372.000000
10483791.000000
10550437.000000
10551424.000000
10619404.000000
10685942.000000
10752471.000000
10818993.000000
10885586.000000
10952172.000000
11020174.000000
11088109.000000
11154743.000000
11221236.000000
11287763.000000
11354302.000000
11420836.000000
11488395.000000
11554900.000000
11621425.000000
11688274.000000
11755440.000000
11821972.000000
11888924.000000
11955535.000000
12022073.000000
12088117.000000
12155695.000000
12222212.000000
12288742.000000
12355283.000000
12422130.000000
12488850.000000
12555390.000000
12621920.000000
12689484.000000
12757454.000000
12823962.000000
12890906.000000
12958545.000000
13025049.000000
13091998.000000
13158627.000000
13225158.000000
13293237.000000
13359757.000000
13425698.000000
13493309.000000
13559821.000000
13626341.000000
13692871.000000
13759410.000000
13825936.000000
13892887.000000
13958829.000000
13961080.000000
14027586.000000
14094111.000000
14160052.000000
14227659.000000
14294580.000000
14361192.000000
14427732.000000
14496231.000000
14562793.000000
14629334.000000
14695377.000000
14762937.000000
14829466.000000
14895995.000000
14962481.000000
15029113.000000
15095600.000000
15162132.000000
15228664.000000
15295196.000000
15361136.000000
15428748.000000
15495240.000000
15561284.000000
15628817.000000
15695762.000000
15761706.000000
15829436.000000
15895944.000000
15962903.000000
16029499.000000
16096031.000000
16162573.000000
16229105.000000
16295638.000000
16362170.000000
16429123.000000
16495734.000000
16562270.000000
16628797.000000
16695332.000000
16761864.000000
16828404.000000
16894939.000000
16961464.000000
17028002.000000
17094529.000000
17161069.000000
17228012.000000
17294621.000000
17362699.000000
17429193.000000
17495817.000000
17562310.000000
17628850.000000
17631296.000000
17697810.000000
17765887.000000
17832423.000000
17899402.000000
17965934.000000
18032474.000000
18099007.000000
18165946.000000
18232566.000000
18299107.000000
18366059.000000
18432668.000000
18499615.000000
18566230.000000
18632774.000000
18699304.000000
18765840.000000
18832781.000000
18899394.000000
18965927.000000
19032876.000000
19100527.000000
19167046.000000
19233573.000000
19300092.000000
19366612.000000
19433150.000000
19499684.000000
19566212.000000
19632846.000000
19698888.000000
19766866.000000
19833395.000000
19899930.000000
19966464.000000
20033000.000000
20099525.000000
20166012.000000
20232550.000000
20299083.000000
20365615.000000
20432171.000000
20498215.000000
20565768.000000
20631709.000000
20700843.000000
20766783.000000
20834339.000000
20900879.000000
20967399.000000
21033928.000000
21099970.000000
21168084.000000
21169046.000000
21236553.000000
21303476.000000
21369418.000000
21437205.000000
21505240.000000
21571734.000000
21638270.000000
21704805.000000
21770747.000000
21838315.000000
21904942.000000
21971441.000000
22037961.000000
22104509.000000
22171022.000000
22237554.000000
22303598.000000
22371152.000000
22438700.000000
22505517.000000
22572744.000000
22639261.000000
22705797.000000
22772328.000000
22838860.000000
22905388.000000
22971925.000000
23039491.000000
23107018.000000
23173531.000000
23240064.000000
23306595.000000
23373125.000000
23439660.000000
23506195.000000
23572725.000000
23639253.000000
23705784.000000
23773341.000000
23839833.000000
23907911.000000
23974718.000000
24041376.000000
24107418.000000
24174987.000000
24242570.000000
24308513.000000
24376053.000000
24442661.000000
24509154.000000
24511622.000000
24578210.000000
24645702.000000
24712338.000000
24778872.000000
24845299.000000
24912808.000000
24979381.000000
25045948.000000
25112394.000000
25179983.000000
25246500.000000
25313004.000000
25379545.000000
25446066.000000
25512114.000000
25579700.000000
25646213.000000
25712743.000000
25779271.000000
25845805.000000
25912338.000000
25978881.000000
26045416.000000
26113385.000000
26179905.000000
26246432.000000
26312968.000000
26379497.000000
26446449.000000
26513068.000000
26579611.000000
26646141.000000
26713089.000000
26779702.000000
26846238.000000
26912772.000000
26979307.000000
27045826.000000
27112778.000000
27180428.000000
27246932.000000
27313873.000000
27380488.000000
27447437.000000
27513915.000000
27581668.000000
27649177.000000
27716730.000000
27783234.000000
27849770.000000
27916296.000000
27982824.000000
28049215.000000
28051333.000000
28117841.000000
28184374.000000
28250902.000000
28317854.000000
28386103.000000
28452492.000000
28519020.000000
28585561.000000
28652101.000000
28718619.000000
28785148.000000
28851781.000000
28918128.000000
28985284.000000
29052214.000000
29119858.000000
29186350.000000
29253395.000000
29319923.000000
29386459.000000
29452992.000000
29519523.000000
29586043.000000
29652576.000000
29719210.000000
29785699.000000
29852244.000000
29919799.000000
29987322.000000
30053825.000000
30120360.000000
30186892.000000
30253421.000000
30319362.000000
30386217.000000
30454023.000000
30520562.000000
30587085.000000
30653618.000000
30721184.000000
30787126.000000
30854698.000000
30921188.000000
30987721.000000
31054257.000000
31121207.000000
31188863.000000
31255775.000000
31322386.000000
31388917.000000
31455541.000000
31522041.000000
31523032.000000
31590045.000000
31656549.000000
31723079.000000
31789605.000000
31857691.000000
31924229.000000
31990753.000000
32057288.000000
32123822.000000
32190354.000000
32256888.000000
32323416.000000
32389951.000000
32456487.000000
32523017.000000
32589059.000000
32656615.000000
32723646.000000
32789585.000000
32857132.000000
32923759.000000
32989803.000000
33057138.000000
33123764.000000
33189807.000000
33258914.000000
33325348.000000
33391893.000000
33458426.000000
33524963.000000
33591493.000000
33658028.000000
33724549.000000
33791088.000000
33857615.000000
33924153.000000
33990682.000000
34056726.000000
34124307.000000
34191425.000000
34257816.000000
34324350.000000
34391301.000000
34457242.000000
34525022.000000
34592561.000000
34660084.000000
34727622.000000
34794118.000000
34860650.000000
34927184.000000
34993714.000000
35061288.000000
35062253.000000
35128789.000000
35196256.000000
35262812.000000
35329397.000000
35396342.000000
35463295.000000
35529930.000000
35597455.000000
35664002.000000
35730540.000000
35797075.000000
35863583.000000
35931658.000000
