43663.000000
44069.000000
44863.000000
47605.000000
48215.000000
50576.000000
51084.000000
51808.000000
52952.000000
53865.000000
56117.000000
59059.000000
59682.000000
60642.000000
61668.000000
63532.000000
64152.000000
64975.000000
66512.000000
133075.000000
199597.000000
265641.000000
333218.000000
399363.000000
466631.000000
533582.000000
600557.000000
668385.000000
734331.000000
801964.000000
868491.000000
935027.000000
1000972.000000
1068596.000000
1135123.000000
1201613.000000
1267657.000000
1335272.000000
1401212.000000
1468034.000000
1535024.000000
1602881.000000
1669400.000000
1736959.000000
1805442.000000
1872987.000000
1939034.000000
2005367.000000
2073023.000000
2139073.000000
2207091.000000
2273037.000000
2341201.000000
2408214.000000
2475794.000000
2541736.000000
2609796.000000
2675938.000000
2743383.000000
2810420.000000
2877901.000000
2944046.000000
3012048.000000
3079515.000000
3145562.000000
3148079.000000
3215051.000000
3282080.000000
3348126.000000
3416190.000000
3482133.000000
3548402.000000
3616790.000000
3684379.000000
3751345.000000
3817492.000000
3884897.000000
3950943.000000
4018943.000000
4084985.000000
4151430.000000
4219561.000000
4285604.000000
4353691.000000
4421182.000000
4488191.000000
4555758.000000
4621699.000000
4689836.000000
4756844.000000
4823877.000000
4890872.000000
4958441.000000
5025504.000000
5092518.000000
5159992.000000
5227575.000000
5294543.000000
5362132.000000
5429676.000000
5496693.000000
5564214.000000
5631761.000000
5698745.000000
5766261.000000
5767789.000000
5835321.000000
5902866.000000
5968807.000000
6035238.000000
6102981.000000
6169939.000000
6235884.000000
6302387.000000
6370067.000000
6436211.000000
6503602.000000
6569547.000000
6635931.000000
6703747.000000
6770821.000000
6837851.000000
6905303.000000
6971347.000000
7038860.000000
7105936.000000
7173402.000000
7241012.000000
7307994.000000
7375560.000000
7441604.000000
7510589.000000
7578186.000000
7644230.000000
7710421.000000
7778718.000000
7845769.000000
7914306.000000
7981881.000000
8048822.000000
8114771.000000
8181188.000000
8248962.000000
8314904.000000
8382557.000000
8449532.000000
8515479.000000
8583159.000000
8650109.000000
8651667.000000
8718658.000000
8784613.000000
8851858.000000
8920300.000000
8987275.000000
9053217.000000
9119489.000000
9186139.000000
9253929.000000
9319976.000000
9387501.000000
9455057.000000
9522074.000000
9589499.000000
9656676.000000
9723610.000000
9791152.000000
9857297.000000
9923723.000000
9992784.000000
10060295.000000
10126342.000000
10193878.000000
10260934.000000
10328339.000000
10394485.000000
10460780.000000
10527425.000000
10593970.000000
10660359.000000
10728567.000000
10795563.000000
10862687.000000
10928730.000000
10996282.000000
11063273.000000
11130858.000000
11197831.000000
11265429.000000
11332443.000000
11399406.000000
11466523.000000
11533491.000000
11599536.000000
11600837.000000
11667247.000000
11733816.000000
11802163.000000
11869636.000000
11936717.000000
12004253.000000
12071265.000000
12137208.000000
12203602.000000
12271378.000000
12338932.000000
12406422.000000
12472367.000000
12538726.000000
12607091.000000
12674046.000000
12740192.000000
12806403.000000
12872978.000000
12939431.000000
13005865.000000
13073516.000000
13141337.000000
13208781.000000
13275902.000000
13342843.000000
13408989.000000
13475184.000000
13541704.000000
13608277.000000
13676206.000000
13742978.000000
13812578.000000
13878624.000000
13945062.000000
14012938.000000
14080711.000000
14146651.000000
14214773.000000
14282323.000000
14348267.000000
14416074.000000
14418834.000000
14486950.000000
14554427.000000
14621917.000000
14688981.000000
14755024.000000
14822527.000000
14888468.000000
14958116.000000
15024367.000000
15092185.000000
15159687.000000
15225735.000000
15292082.000000
15358812.000000
15427380.000000
15494839.000000
15560883.000000
15627236.000000
15693750.000000
15760197.000000
15826937.000000
15896097.000000
15963110.000000
16029157.000000
16097167.000000
16165241.000000
16231187.000000
16300244.000000
16366493.000000
16434780.000000
16500824.000000
16567181.000000
16634073.000000
16702427.000000
16769977.000000
16835926.000000
16902274.000000
16970082.000000
17036127.000000
17102638.000000
17105116.000000
17173708.000000
17241243.000000
17308753.000000
17374697.000000
17441039.000000
17509288.000000
17577320.000000
17644412.000000
17711902.000000
17778701.000000
17846018.000000
17911961.000000
17978175.000000
18046575.000000
18112890.000000
18180654.000000
18247719.000000
18314659.000000
18380603.000000
18448731.000000
18514675.000000
18582826.000000
18648871.000000
18716923.000000
18783934.000000
18850921.000000
18917070.000000
18986010.000000
19052054.000000
19120051.000000
19187656.000000
19254613.000000
19320562.000000
19389207.000000
19456722.000000
19523770.000000
19589712.000000
19657842.000000
19724099.000000
19726835.000000
19793920.000000
19861406.000000
19927350.000000
19993731.000000
20062533.000000
20129548.000000
20196595.000000
20263658.000000
20330663.000000
20398164.000000
20464106.000000
20531716.000000
20599293.000000
20666253.000000
20733843.000000
20800861.000000
20866804.000000
20934412.000000
21001484.000000
21068541.000000
21135479.000000
21203100.000000
21270601.000000
21337094.000000
21403636.000000
21469690.000000
21537780.000000
21604694.000000
21673671.000000
21740771.000000
21807800.000000
21874835.000000
21941866.000000
22008898.000000
22075941.000000
22142970.000000
22210407.000000
22277539.000000
22344569.000000
22411592.000000
22478622.000000
22480141.000000
22547168.000000
22614190.000000
22680351.000000
22749297.000000
22816334.000000
22883376.000000
22950787.000000
23017906.000000
23086431.000000
23153486.000000
23220436.000000
23286582.000000
23352920.000000
23421079.000000
23487124.000000
23553404.000000
23620044.000000
23686546.000000
23754741.000000
23820786.000000
23886984.000000
23953636.000000
24020310.000000
24089376.000000
24156925.000000
24223068.000000
24289269.000000
24355879.000000
24422418.000000
24490597.000000
24556744.000000
24623021.000000
24691191.000000
24757337.000000
24823623.000000
24890045.000000
24956590.000000
25024850.000000
25090993.000000
25158910.000000
25225057.000000
25292967.000000
25360503.000000
25426649.000000
25492939.000000
25495566.000000
25561711.000000
25628001.000000
25694426.000000
25761061.000000
25829151.000000
25895627.000000
25962118.000000
26028622.000000
26096863.000000
26163009.000000
26230385.000000
26297973.000000
26364976.000000
26431021.000000
26497446.000000
26563860.000000
26630441.000000
26696891.000000
26763508.000000
26831712.000000
26897859.000000
26965765.000000
27031912.000000
27098210.000000
27164542.000000
27232962.000000
27298904.000000
27367026.000000
27432970.000000
27499367.000000
27565809.000000
27632429.000000
27700628.000000
27766773.000000
27833068.000000
27899506.000000
27966057.000000
28032572.000000
28099126.000000
28165642.000000
28232289.000000
28298789.000000
28365245.000000
28431793.000000
28500035.000000
28567562.000000
28633707.000000
28699988.000000
28768158.000000
28834304.000000
28836688.000000
28902834.000000
28969229.000000
29037140.000000
29103583.000000
29170137.000000
29238376.000000
29304523.000000
29370721.000000
29437402.000000
29507057.000000
29572999.000000
29641117.000000
29707061.000000
29775182.000000
29841124.000000
29907523.000000
29975779.000000
30041723.000000
30109840.000000
30175885.000000
30242076.000000
30308689.000000
30376377.000000
30443936.000000
30512938.000000
30579082.000000
30645317.000000
30711906.000000
30778346.000000
30844892.000000
30911363.000000
30978538.000000
31044976.000000
31111600.000000
31178045.000000
31246323.000000
31313866.000000
31381392.000000
31447538.000000
31513835.000000
31580215.000000
31646829.000000
31715101.000000
31781042.000000
31849178.000000
31915123.000000
31917647.000000
31985187.000000
32051334.000000
32117711.000000
32184143.000000
32250584.000000
32317109.000000
32383647.000000
32450072.000000
32518247.000000
32586522.000000
32652566.000000
32720553.000000
32786596.000000
32852883.000000
32921135.000000
32988192.000000
33055190.000000
33121136.000000
33187380.000000
33253894.000000
33322314.000000
33388360.000000
33457350.000000
33523294.000000
33591507.000000
33657553.000000
33725477.000000
33793072.000000
33860046.000000
33925994.000000
33992293.000000
34060710.000000
34127735.000000
34193779.000000
34259986.000000
34326627.000000
34394884.000000
34462412.000000
34528455.000000
34596440.000000
34662484.000000
34730031.000000
34797572.000000
34865104.000000
34865614.000000
34933087.000000
34999234.000000
35066618.000000
35132765.000000
35200760.000000
35268271.000000
35337273.000000
35404794.000000
35470941.000000
35537148.000000
35605384.000000
35671525.000000
35737745.000000
35805977.000000
35873515.000000
35941049.000000
36008636.000000
36074578.000000
36142697.000000
36208641.000000
36275040.000000
36341482.000000
36409824.000000
36475766.000000
36542072.000000
36610351.000000
36676495.000000
36744473.000000
36810415.000000
36876834.000000
36943274.000000
37009903.000000
37076439.000000
37142910.000000
37209561.000000
37277690.000000
37343833.000000
37411809.000000
37477754.000000
37545875.000000
37611820.000000
37680312.000000
37746355.000000
37748921.000000
37815064.000000
37881358.000000
37947838.000000
38014439.000000
38082554.000000
38148700.000000
38214928.000000
38281502.000000
38347948.000000
38414595.000000
38481146.000000
38547574.000000
38615859.000000
38682004.000000
38749768.000000
38816209.000000
38882760.000000
38949280.000000
39015931.000000
39082436.000000
39148880.000000
39215524.000000
39283706.000000
39351238.000000
39417182.000000
39483592.000000
39550034.000000
39616652.000000
39683104.000000
39749827.000000
39817730.000000
39884282.000000
39950728.000000
40018998.000000
40086543.000000
40154070.000000
40220216.000000
40288197.000000
40355233.000000
40421178.000000
40489226.000000
40556738.000000
40624320.000000
40691830.000000
40757876.000000
40825875.000000
40891919.000000
40894924.000000
40960968.000000
41027200.000000
41093789.000000
41161513.000000
41229599.000000
41297779.000000
41371654.000000
41438649.000000
41505724.000000
41571872.000000
41640211.000000
41707827.000000
41774780.000000
41842303.000000
41908910.000000
41976458.000000
42042990.000000
42109492.000000
42176025.000000
42242551.000000
42309083.000000
42375124.000000
42443624.000000
42509665.000000
42578231.000000
42644772.000000
42712742.000000
42780275.000000
42846814.000000
42912759.000000
42980360.000000
43046906.000000
43113443.000000
43179389.000000
43247037.000000
43313598.000000
43381582.000000
43449096.000000
43515661.000000
43516686.000000
43584167.000000
43650643.000000
43717283.000000
43783225.000000
43849945.000000
43917801.000000
43984352.000000
44050399.000000
44118894.000000
44185470.000000
44251961.000000
44318509.000000
44385036.000000
44451577.000000
44518140.000000
44584601.000000
44650547.000000
44719739.000000
44787277.000000
44853825.000000
44920220.000000
44987820.000000
45054358.000000
45120401.000000
45187447.000000
45253861.000000
45321543.000000
45388068.000000
45454489.000000
45521166.000000
45587214.000000
45656185.000000
45722232.000000
45790125.000000
45857261.000000
45923783.000000
45990788.000000
46058399.000000
46124343.000000
46192549.000000
46259856.000000
46327446.000000
46393393.000000
46463508.000000
46530064.000000
46531632.000000
46599591.000000
46665639.000000
46735134.000000
46802711.000000
46869766.000000
46936310.000000
47002813.000000
47069856.000000
47136241.000000
47202188.000000
47270877.000000
47337445.000000
47403945.000000
47470514.000000
47536458.000000
47603136.000000
47670602.000000
47736752.000000
47805590.000000
47872255.000000
47938757.000000
48006269.000000
48072808.000000
48139300.000000
48205845.000000
48271890.000000
48340392.000000
48406959.000000
48474465.000000
48541001.000000
48607541.000000
48674062.000000
48740590.000000
48807126.000000
48873660.000000
48940180.000000
49006324.000000
49073077.000000
49139962.000000
49207834.000000
49273987.000000
49340469.000000
49407492.000000
49473971.000000
49540416.000000
49608015.000000
49674567.000000
49741090.000000
49742070.000000
49808016.000000
49877183.000000
49943700.000000
50011282.000000
50078770.000000
50146316.000000
50212874.000000
50279315.000000
50345826.000000
50413451.000000
50480012.000000
50546538.000000
50613996.000000
50680572.000000
50748064.000000
50814108.000000
50881621.000000
50948213.000000
51015673.000000
51082220.000000
51148761.000000
51214806.000000
51283301.000000
51349343.000000
51416874.000000
51482920.000000
51551517.000000
51618015.000000
51685588.000000
51753110.000000
51819055.000000
51885880.000000
51954617.000000
52020658.000000
52088194.000000
52154138.000000
52221781.000000
52288308.000000
52354825.000000
52421353.000000
52487396.000000
52555457.000000
52622990.000000
52689239.000000
52755792.000000
52758594.000000
52826055.000000
52892567.000000
52959136.000000
53025656.000000
53092182.000000
53158127.000000
53225743.000000
53292266.000000
53358817.000000
53425359.000000
53491870.000000
53558393.000000
53624934.000000
53690978.000000
53759540.000000
53826104.000000
53892560.000000
53959138.000000
54025686.000000
54092156.000000
54158743.000000
54225302.000000
54291836.000000
54359336.000000
54425824.000000
54493370.000000
54559824.000000
54625869.000000
54693397.000000
54760065.000000
54826575.000000
54893497.000000
54960106.000000
55026053.000000
55093675.000000
55160224.000000
55227708.000000
55294282.000000
55360718.000000
55426664.000000
55493514.000000
55561366.000000
55627910.000000
55694444.000000
55760388.000000
55828025.000000
55894541.000000
55960482.000000
56027240.000000
56095154.000000
56161700.000000
56229178.000000
56230216.000000
56296158.000000
56363754.000000
56430351.000000
56496830.000000
56564906.000000
56631453.000000
56697993.000000
56765980.000000
56832553.000000
56900035.000000
56966082.000000
57033620.000000
57101101.000000
57167146.000000
57234738.000000
57302189.000000
57368743.000000
57435267.000000
57501800.000000
57568832.000000
57636828.000000
57703342.000000
57770344.000000
57837514.000000
57905029.000000
57970973.000000
58037720.000000
58105602.000000
58172190.000000
58239666.000000
58305614.000000
58373284.000000
58439821.000000
58507311.000000
58573565.000000
58640313.000000
58706849.000000
58773099.000000
58840019.000000
58906563.000000
58973027.000000
59040618.000000
59107124.000000
59173654.000000
59241120.000000
59307731.000000
59374704.000000
59375727.000000
59442277.000000
59508696.000000
59574946.000000
59642899.000000
59708953.000000
59776392.000000
59842881.000000
59910474.000000
59977970.000000
60045491.000000
60112033.000000
60180124.000000
60246180.000000
60313190.000000
60379663.000000
60447276.000000
60513820.000000
60580260.000000
60646832.000000
60712775.000000
60780392.000000
60846958.000000
60913356.000000
60979995.000000
61046517.000000
61113058.000000
61179523.000000
61246105.000000
61312648.000000
61378592.000000
61446248.000000
61512797.000000
61579182.000000
61645432.000000
61713317.000000
61781417.000000
61848888.000000
61915456.000000
61982484.000000
62049477.000000
62115518.000000
62181799.000000
62250075.000000
62316633.000000
62383215.000000
62449664.000000
62515702.000000
62583734.000000
62650220.000000
62717829.000000
62718441.000000
62785425.000000
62854599.000000
62921199.000000
62988722.000000
63056697.000000
63124813.000000
63191242.000000
63257885.000000
63324401.000000
63390938.000000
63456982.000000
63524504.000000
63591032.000000
63657565.000000
63724087.000000
63790629.000000
63857153.000000
63924628.000000
63991189.000000
64058735.000000
64126217.000000
64192775.000000
64259320.000000
64325837.000000
64392393.000000
64458860.000000
64525422.000000
64591963.000000
64658496.000000
64725035.000000
64791583.000000
64858097.000000
64924647.000000
64991163.000000
65057107.000000
65124761.000000
65191315.000000
65257845.000000
65324383.000000
65390902.000000
65457436.000000
65523974.000000
65591444.000000
65657390.000000
65726485.000000
65793107.000000
65859628.000000
65926166.000000
65992694.000000
66059233.000000
66125768.000000
66126761.000000
66194213.000000
66262333.000000
66328869.000000
66395396.000000
66461927.000000
66529397.000000
66595932.000000
66662481.000000
66729982.000000
66796556.000000
66863108.000000
66930580.000000
66997132.000000
67063662.000000
67129607.000000
67197261.000000
67264730.000000
67331302.000000
67397825.000000
67464362.000000
67530873.000000
67597432.000000
67663939.000000
67729884.000000
67797545.000000
67864103.000000
67930543.000000
67996486.000000
68064176.000000
68130724.000000
68197165.000000
68263766.000000
68330336.000000
68396774.000000
68464895.000000
68531302.000000
68597911.000000
68664442.000000
68730386.000000
68797980.000000
68864556.000000
68932633.000000
68999154.000000
69065674.000000
69132208.000000
69199237.000000
69265782.000000
69333253.000000
69399195.000000
69466863.000000
69533397.000000
69535415.000000
69602862.000000
69669010.000000
69736461.000000
69804027.000000
69870473.000000
69937064.000000
70003540.000000
70070127.000000
70136648.000000
70203185.000000
70269127.000000
70336776.000000
70403326.000000
70470776.000000
70537347.000000
70603886.000000
70671435.000000
70738475.000000
70805015.000000
70872488.000000
70939039.000000
71007122.000000
71073542.000000
71140115.000000
71207687.000000
71275174.000000
71341117.000000
71407890.000000
71475812.000000
71542271.000000
71608855.000000
71676843.000000
71743439.000000
71809982.000000
71876526.000000
71943994.000000
72010545.000000
72076488.000000
72144084.000000
72210029.000000
72276816.000000
72343855.000000
72413230.000000
72479785.000000
72546253.000000
72548845.000000
72615370.000000
72681905.000000
72749880.000000
72815826.000000
72883426.000000
72949370.000000
73016153.000000
73083201.000000
73151109.000000
73217665.000000
73284195.000000
73350663.000000
73417262.000000
73483789.000000
73550324.000000
73616854.000000
73684327.000000
73750878.000000
73817437.000000
73883989.000000
73950522.000000
74017055.000000
74083588.000000
74150115.000000
74216639.000000
74283184.000000
74349719.000000
74416151.000000
74482090.000000
74549795.000000
74617283.000000
74683228.000000
74750248.000000
74818925.000000
74886409.000000
74952971.000000
75019537.000000
75087008.000000
75153561.000000
75220090.000000
75286609.000000
75353152.000000
75419670.000000
75485618.000000
75553275.000000
75620771.000000
75687330.000000
75754858.000000
75821405.000000
75887941.000000
75954485.000000
76020927.000000
76021968.000000
76090045.000000
76156579.000000
76223123.000000
76289167.000000
76356161.000000
76422701.000000
76489231.000000
76556692.000000
76623321.000000
76690782.000000
76756727.000000
76823474.000000
76890485.000000
76958392.000000
77024943.000000
77091477.000000
77158028.000000
77224076.000000
77292065.000000
77358618.000000
77424760.000000
77491667.000000
77558209.000000
77626209.000000
77694249.000000
77762351.000000
77828882.000000
77896352.000000
77962907.000000
78029417.000000
78095970.000000
78162489.000000
78229028.000000
78295619.000000
78362122.000000
78428662.000000
78495189.000000
78561737.000000
78628255.000000
78694803.000000
78761336.000000
78827856.000000
78895337.000000
78961884.000000
79027831.000000
79094581.000000
79162459.000000
79228405.000000
79295191.000000
79363111.000000
79429572.000000
79430280.000000
79497149.000000
79563683.000000
79631238.000000
79697792.000000
79764326.000000
79830856.000000
79898832.000000
79965380.000000
80032939.000000
80099480.000000
80166944.000000
80232889.000000
80299680.000000
80367588.000000
80434146.000000
80501595.000000
80568159.000000
80634104.000000
80701752.000000
80768305.000000
80834835.000000
80901362.000000
80967894.000000
81034340.000000
81100913.000000
81167461.000000
81235011.000000
81301562.000000
81368093.000000
81434626.000000
81501167.000000
81567704.000000
81634238.000000
81700648.000000
81767248.000000
81833773.000000
81900327.000000
81966893.000000
82034340.000000
82101964.000000
82169470.000000
82235924.000000
82302514.000000
82369043.000000
82436599.000000
82504092.000000
82570645.000000
82637207.000000
82703740.000000
82771202.000000
82772232.000000
82838755.000000
82905289.000000
82971866.000000
83039319.000000
83105884.000000
83172427.000000
83238929.000000
83305481.000000
83372566.000000
83440026.000000
83505973.000000
83572757.000000
83640663.000000
83707223.000000
83774738.000000
83841283.000000
83908748.000000
83974692.000000
84041609.000000
84108877.000000
84176418.000000
84242962.000000
84309502.000000
84377034.000000
84444488.000000
84511089.000000
84578560.000000
84645137.000000
84711698.000000
84778229.000000
84844760.000000
84911297.000000
84978754.000000
85045326.000000
85111895.000000
85178423.000000
85244869.000000
85311447.000000
85377976.000000
85444503.000000
85512071.000000
85578624.000000
85645148.000000
85711686.000000
85778218.000000
85844744.000000
85911288.000000
85977805.000000
86045283.000000
86111848.000000
86178356.000000
86244891.000000
86245900.000000
86312431.000000
86378974.000000
86445493.000000
86512045.000000
86578480.000000
86645101.000000
86711638.000000
86779151.000000
86845094.000000
86911858.000000
86978907.000000
87048245.000000
87114187.000000
87181827.000000
87248390.000000
87314948.000000
87381486.000000
87448028.000000
87515484.000000
87582041.000000
87648573.000000
87715106.000000
87781662.000000
87848222.000000
87914662.000000
87981249.000000
88047817.000000
88115282.000000
88181845.000000
88248359.000000
88314906.000000
88382465.000000
88449012.000000
88515549.000000
88581988.000000
88648565.000000
88715104.000000
88781634.000000
88848164.000000
88914702.000000
88981233.000000
89047748.000000
89115265.000000
89181855.000000
89248404.000000
89314548.000000
89381430.000000
89447966.000000
89514538.000000
89581070.000000
89648538.000000
89715094.000000
89781658.000000
89849136.000000
89850154.000000
89917660.000000
89984213.000000
90050734.000000
90117273.000000
90183817.000000
90250352.000000
90316862.000000
90383403.000000
90449944.000000
90516476.000000
90582418.000000
90649170.000000
90717094.000000
90784582.000000
90851140.000000
90917085.000000
90984725.000000
91051276.000000
91117807.000000
91184352.000000
91250890.000000
91318345.000000
91384901.000000
91450846.000000
91519439.000000
91585996.000000
91652544.000000
91719099.000000
91785634.000000
91852167.000000
91918696.000000
91985231.000000
92052685.000000
92119252.000000
92185297.000000
92255856.000000
92322387.000000
92388915.000000
92456395.000000
92523918.000000
92589863.000000
92659033.000000
92725559.000000
92792090.000000
92860077.000000
92926608.000000
92993182.000000
93059668.000000
93126201.000000
93127207.000000
93193758.000000
93261305.000000
93327857.000000
93394400.000000
93460927.000000
93528401.000000
93594344.000000
93662002.000000
93728545.000000
93795094.000000
93861495.000000
93928118.000000
93994637.000000
94061190.000000
94127757.000000
94194296.000000
94260822.000000
94328293.000000
94394846.000000
94461375.000000
94527909.000000
94595468.000000
94661919.000000
94728510.000000
94795033.000000
94862574.000000
94929136.000000
94995580.000000
95062154.000000
95128703.000000
95195269.000000
95261797.000000
95328336.000000
95395317.000000
95461857.000000
95528943.000000
95596396.000000
95662957.000000
95728901.000000
95796548.000000
95864041.000000
95929983.000000
95997639.000000
96065124.000000
96132653.000000
96199212.000000
96265782.000000
96333248.000000
96399190.000000
96465978.000000
96533889.000000
96536350.000000
96602903.000000
96670389.000000
96736965.000000
96803482.000000
96870018.000000
96936564.000000
97003130.000000
97070593.000000
97137162.000000
97203677.000000
97269622.000000
97336396.000000
97404300.000000
97470864.000000
97537394.000000
97604854.000000
97671411.000000
97737936.000000
97803880.000000
97871535.000000
97938089.000000
98004237.000000
98071114.000000
98137659.000000
98204223.000000
98271690.000000
98338251.000000
98404816.000000
98471347.000000
98538825.000000
98605378.000000
98671910.000000
98738432.000000
98804958.000000
98871509.000000
98938039.000000
99004488.000000
99071155.000000
99139127.000000
99205676.000000
99273697.000000
99340231.000000
99406742.000000
99473273.000000
99539815.000000
99607381.000000
99673924.000000
99740453.000000
99806996.000000
99873525.000000
99940058.000000
100006581.000000
100008511.000000
100075061.000000
100143154.000000
100209669.000000
100277134.000000
100343686.000000
100410223.000000
100476165.000000
100545305.000000
100611866.000000
100678395.000000
100744925.000000
100811460.000000
100877998.000000
100944513.000000
101011994.000000
101078541.000000
101145077.000000
101211020.000000
101278695.000000
101345221.000000
101411747.000000
101478280.000000
101544806.000000
101612363.000000
101680325.000000
101746472.000000
101813399.000000
101881479.000000
101948003.000000
102014531.000000
102081070.000000
102147603.000000
102214140.000000
102280682.000000
102348216.000000
102414731.000000
102481268.000000
102547803.000000
102615261.000000
102681202.000000
102748903.000000
102815430.000000
102881960.000000
102949422.000000
103015982.000000
103081925.000000
103149548.000000
103216076.000000
103282598.000000
103349134.000000
103415176.000000
103417221.000000
103483756.000000
103550275.000000
103617831.000000
103684356.000000
103750874.000000
103817422.000000
103883944.000000
103951427.000000
104017956.000000
104084495.000000
104151021.000000
104217554.000000
104284094.000000
104350623.000000
104417167.000000
104483694.000000
104550222.000000
104616749.000000
104683289.000000
104749817.000000
104816380.000000
104882854.000000
104949431.000000
105015965.000000
105082517.000000
105150524.000000
105218104.000000
105284548.000000
105351128.000000
105418688.000000
105486167.000000
105552112.000000
105619778.000000
105686333.000000
105753793.000000
105819737.000000
105887347.000000
105954887.000000
106021445.000000
106087987.000000
106155484.000000
106221428.000000
106289042.000000
106355600.000000
106422149.000000
106489642.000000
106556216.000000
106622783.000000
106689309.000000
106755847.000000
106822372.000000
106824808.000000
106891359.000000
106957897.000000
107023839.000000
107093983.000000
107160521.000000
107226986.000000
107294558.000000
107361028.000000
107427554.000000
107494124.000000
107560660.000000
107627263.000000
107693793.000000
107760311.000000
107826853.000000
107893386.000000
107960855.000000
108027426.000000
108093979.000000
108161459.000000
108228010.000000
108294577.000000
108361034.000000
108428631.000000
108496107.000000
108562688.000000
108630161.000000
108696717.000000
108762662.000000
108830259.000000
108896832.000000
108964897.000000
109031428.000000
109097960.000000
109164491.000000
109231031.000000
109297558.000000
109364091.000000
109430629.000000
109497161.000000
109564634.000000
109631196.000000
109697756.000000
109764295.000000
109830828.000000
109897281.000000
109963845.000000
110030907.000000
110097450.000000
110163989.000000
110231439.000000
110232482.000000
110299052.000000
110365570.000000
110433557.000000
110500105.000000
110566620.000000
110633151.000000
110700717.000000
110767272.000000
110833805.000000
110900344.000000
110968318.000000
111034860.000000
111102405.000000
111169888.000000
111235832.000000
111303501.000000
111369962.000000
111436547.000000
111503103.000000
111569669.000000
111637133.000000
111703669.000000
111770212.000000
111836746.000000
111903267.000000
111969796.000000
112036338.000000
112102864.000000
112168808.000000
112236466.000000
112303018.000000
112370985.000000
112437982.000000
112504025.000000
112570762.000000
112638655.000000
112705221.000000
112771746.000000
112837686.000000
112904769.000000
112971335.000000
113037277.000000
113106320.000000
113172902.000000
113239460.000000
113305997.000000
113372516.000000
113439067.000000
113505595.000000
113572127.000000
113638665.000000
113639662.000000
113706192.000000
113772727.000000
113840187.000000
113906765.000000
113973325.000000
114039857.000000
114106388.000000
114172928.000000
114240395.000000
114306951.000000
114373523.000000
114439953.000000
114507569.000000
114574033.000000
114640603.000000
114707181.000000
114773720.000000
114841184.000000
114907127.000000
114974790.000000
115041259.000000
115107821.000000
115175377.000000
115241937.000000
115308468.000000
115375004.000000
115441531.000000
115508069.000000
115574602.000000
115641134.000000
115708613.000000
115775171.000000
115842706.000000
115909243.000000
115976707.000000
116043281.000000
116109225.000000
116176771.000000
116243369.000000
116309311.000000
116376910.000000
116443463.000000
116509407.000000
116577012.000000
116643555.000000
116709496.000000
116776268.000000
116844196.000000
116910741.000000
116977280.000000
117044719.000000
117111324.000000
117113350.000000
117179868.000000
117246298.000000
117312879.000000
117378821.000000
117446426.000000
117512985.000000
117579531.000000
117647587.000000
117714116.000000
117781572.000000
117848187.000000
117914716.000000
117981248.000000
118047787.000000
118114309.000000
118180845.000000
118248307.000000
118314860.000000
118381391.000000
118447929.000000
118513873.000000
118581546.000000
118649516.000000
118715459.000000
118783145.000000
118849649.000000
118916188.000000
118982730.000000
119049258.000000
119115665.000000
119182278.000000
119248838.000000
119314780.000000
119383441.000000
119449976.000000
119516410.000000
119582988.000000
119649521.000000
119716055.000000
119782588.000000
119850153.000000
119917642.000000
119985731.000000
120053203.000000
120119750.000000
120186260.000000
120253829.000000
120320382.000000
120386824.000000
120453407.000000
120519351.000000
120521458.000000
120588498.000000
120655040.000000
120722510.000000
120788454.000000
120855217.000000
120923097.000000
120989673.000000
121057192.000000
121123731.000000
121190247.000000
121256786.000000
121322729.000000
121390378.000000
121458367.000000
121524916.000000
121592463.000000
121659025.000000
121725546.000000
121792089.000000
121859557.000000
121926111.000000
121992658.000000
122060157.000000
122126730.000000
122194234.000000
122260779.000000
122327304.000000
122393753.000000
122461410.000000
122528888.000000
122595443.000000
122661928.000000
122728408.000000
122796000.000000
122863507.000000
122930093.000000
122996661.000000
123064134.000000
123130684.000000
123197241.000000
123263790.000000
123330337.000000
123396865.000000
123464844.000000
123530887.000000
123597080.000000
123664968.000000
123731940.000000
123734432.000000
123801001.000000
123866942.000000
123934587.000000
124001158.000000
124068614.000000
124135176.000000
124201650.000000
124268249.000000
124334712.000000
124402299.000000
124468734.000000
124536393.000000
124603881.000000
124669825.000000
124737472.000000
124804959.000000
124871513.000000
124938056.000000
125005548.000000
125072112.000000
125138648.000000
125205163.000000
125271108.000000
125338764.000000
125406253.000000
125472810.000000
125540359.000000
125606815.000000
125673398.000000
125739341.000000
125806984.000000
125873537.000000
125941009.000000
126007563.000000
126074095.000000
126142078.000000
126208651.000000
126274596.000000
126342240.000000
126408796.000000
126475326.000000
126541862.000000
126609334.000000
126675278.000000
126742939.000000
126810435.000000
126876969.000000
126877978.000000
126944542.000000
127011082.000000
127077485.000000
127144090.000000
127210629.000000
127278196.000000
127344745.000000
127412201.000000
127478143.000000
127545783.000000
127612280.000000
127678870.000000
127746424.000000
127812974.000000
127879503.000000
127946977.000000
128013544.000000
128080007.000000
128146588.000000
128213132.000000
128279178.000000
128347181.000000
128413742.000000
128481239.000000
128547734.000000
128614322.000000
128680832.000000
128747416.000000
128815428.000000
128882480.000000
128949018.000000
129016493.000000
129082434.000000
129149348.000000
129218651.000000
129285070.000000
129352712.000000
129419236.000000
129485779.000000
129552218.000000
129618464.000000
129686308.000000
129752874.000000
129820888.000000
129887365.000000
129953308.000000
130021006.000000
130088506.000000
130089517.000000
130156063.000000
130222207.000000
130289107.000000
130355639.000000
130422172.000000
130488708.000000
130555261.000000
130623288.000000
130689845.000000
130756377.000000
130822912.000000
130890380.000000
130956933.000000
131022876.000000
131090515.000000
131156981.000000
131224543.000000
131291134.000000
131357599.000000
131424154.000000
131490685.000000
131557217.000000
131623756.000000
131691326.000000
131757869.000000
131824394.000000
131890918.000000
131957461.000000
132023996.000000
132090435.000000
132157010.000000
132223575.000000
132290144.000000
132356570.000000
132424191.000000
132491660.000000
132558222.000000
132625730.000000
132692291.000000
132761316.000000
132827780.000000
132894367.000000
132961938.000000
133028473.000000
133094915.000000
133161506.000000
133228072.000000
133294604.000000
133362079.000000
133428026.000000
133495682.000000
133497628.000000
133565217.000000
133631758.000000
133698289.000000
133764823.000000
133831357.000000
133897835.000000
133964355.000000
134030906.000000
134097376.000000
134163981.000000
134232059.000000
134298307.000000
134364328.000000
134432130.000000
134499623.000000
134566175.000000
134633729.000000
134700271.000000
134766728.000000
134834314.000000
134900878.000000
134968851.000000
135034796.000000
135102473.000000
135169945.000000
135236496.000000
135304001.000000
135371493.000000
135437537.000000
135505131.000000
135571689.000000
135639158.000000
135705105.000000
135773708.000000
135840292.000000
135906764.000000
135973347.000000
136039835.000000
136107364.000000
136173937.000000
136240515.000000
136307044.000000
136374512.000000
136441074.000000
136507639.000000
136574068.000000
136641697.000000
136642622.000000
136710229.000000
136776683.000000
136843266.000000
136909732.000000
136977357.000000
137044873.000000
137112368.000000
137178941.000000
137245332.000000
137313515.000000
137380042.000000
137447518.000000
137514083.000000
137581582.000000
137648146.000000
137714605.000000
137781196.000000
137847729.000000
137915793.000000
137983263.000000
138049826.000000
138116296.000000
138182242.000000
138249923.000000
138317429.000000
138383374.000000
138450995.000000
138517567.000000
138584134.000000
138650664.000000
138717199.000000
138783729.000000
138850181.000000
138916759.000000
138983241.000000
139049816.000000
139116350.000000
139183925.000000
139251389.000000
139317956.000000
139384473.000000
139450417.000000
139518071.000000
139584508.000000
139651075.000000
139717658.000000
139784142.000000
139850710.000000
139917170.000000
139983767.000000
140050365.000000
140051347.000000
140117801.000000
140184391.000000
140252416.000000
140319913.000000
140386475.000000
140453988.000000
140520527.000000
140588094.000000
140655567.000000
140722147.000000
140788620.000000
140856217.000000
140922773.000000
140989207.000000
141055809.000000
141122304.000000
141188900.000000
141255433.000000
141321864.000000
141388437.000000
141456034.000000
141522484.000000
141589041.000000
141657043.000000
141723619.000000
141791125.000000
141857069.000000
141924755.000000
141991103.000000
142057782.000000
142125296.000000
142191841.000000
142258320.000000
142324901.000000
142392395.000000
142458965.000000
142525507.000000
142592078.000000
142658620.000000
142725040.000000
142791624.000000
142858163.000000
142925739.000000
142992130.000000
143058764.000000
143125332.000000
143191785.000000
143258372.000000
143324839.000000
143390784.000000
143393959.000000
143460477.000000
143527021.000000
143593558.000000
143660101.000000
143726525.000000
143792467.000000
143859262.000000
143926319.000000
143994205.000000
144060765.000000
144128764.000000
144195304.000000
144261829.000000
144328376.000000
144394959.000000
144461365.000000
144527975.000000
144594494.000000
144661035.000000
144727571.000000
144795081.000000
144862680.000000
144929119.000000
144995698.000000
145062237.000000
145128801.000000
145195349.000000
145261815.000000
145328372.000000
145394851.000000
145461435.000000
145527997.000000
145595467.000000
145662018.000000
145729558.000000
145797046.000000
145863647.000000
145930936.000000
145996891.000000
146063485.000000
146130068.000000
146196454.000000
146263771.000000
146330364.000000
146397860.000000
146464420.000000
146531924.000000
146597868.000000
146665503.000000
146732021.000000
146798576.000000
146865062.000000
146931644.000000
146932675.000000
146999204.000000
147065741.000000
147132178.000000
147198124.000000
147265810.000000
147332311.000000
147399914.000000
147467400.000000
147534887.000000
147602511.000000
147669046.000000
147736538.000000
147803113.000000
147869552.000000
147936130.000000
148002659.000000
148069190.000000
148135742.000000
148202224.000000
148269834.000000
148336278.000000
148402857.000000
148470341.000000
148536931.000000
148603390.000000
148669435.000000
148738066.000000
148804523.000000
148871081.000000
148937611.000000
149004165.000000
149070730.000000
149137270.000000
149203696.000000
149270291.000000
149336770.000000
149403360.000000
149469928.000000
149536462.000000
149602896.000000
149670477.000000
149738051.000000
149805527.000000
149872090.000000
149938654.000000
150005187.000000
150071556.000000
150138670.000000
150205240.000000
150271712.000000
150337857.000000
150404837.000000
150406805.000000
150473382.000000
150540879.000000
150608873.000000
150675474.000000
150742037.000000
150809500.000000
150875543.000000
150945584.000000
151012064.000000
151079677.000000
151147168.000000
151213601.000000
151281274.000000
151347804.000000
151414241.000000
151480825.000000
151547349.000000
151613890.000000
151681377.000000
151747923.000000
151814493.000000
151880980.000000
151949101.000000
152016561.000000
152083132.000000
152149625.000000
152216144.000000
152283656.000000
152350217.000000
152417730.000000
152484330.000000
152550788.000000
152617044.000000
152683940.000000
152750395.000000
152816995.000000
152883464.000000
152950985.000000
153017535.000000
153084135.000000
153150611.000000
153217126.000000
153283068.000000
153349847.000000
153417731.000000
153484299.000000
153550790.000000
153552841.000000
153619400.000000
153685834.000000
153752422.000000
153818957.000000
153886521.000000
153953075.000000
154019610.000000
154086056.000000
154152581.000000
154218523.000000
154286212.000000
154352688.000000
154419294.000000
154485340.000000
154553324.000000
154619888.000000
154686350.000000
154752960.000000
154819419.000000
154885926.000000
154952482.000000
155019077.000000
155085553.000000
155153153.000000
155220628.000000
155287184.000000
155353722.000000
155420205.000000
155486801.000000
155554285.000000
155620842.000000
155686916.000000
155753925.000000
155821480.000000
155888969.000000
155955436.000000
156022051.000000
156088529.000000
156156148.000000
156223625.000000
156290152.000000
156356719.000000
156424232.000000
156490745.000000
156557323.000000
156623792.000000
156690386.000000
156756853.000000
156823447.000000
156889935.000000
156956516.000000
157024055.000000
157026521.000000
157094047.000000
157160539.000000
157227140.000000
157293628.000000
157360235.000000
157426480.000000
157493194.000000
157560825.000000
157627077.000000
157693859.000000
157760329.000000
157827868.000000
157894454.000000
157960930.000000
158028460.000000
158096000.000000
158162594.000000
158229060.000000
158296597.000000
158364125.000000
158430710.000000
158497185.000000
158564219.000000
158630807.000000
158697276.000000
158763889.000000
158831391.000000
158897879.000000
158964505.000000
159030980.000000
159097518.000000
159165091.000000
159233125.000000
159300593.000000
159367148.000000
159433632.000000
159501161.000000
159569216.000000
159635791.000000
159701945.000000
159768844.000000
159836362.000000
159903901.000000
159971401.000000
159973884.000000
160041911.000000
160109437.000000
160176038.000000
160242508.000000
160309091.000000
160375565.000000
160442157.000000
160508638.000000
160575210.000000
160641696.000000
160708298.000000
160774764.000000
160841366.000000
160907830.000000
160974403.000000
161040985.000000
161108907.000000
161175511.000000
161243476.000000
161310032.000000
161376629.000000
161443054.000000
161512166.000000
161579689.000000
161646184.000000
161712668.000000
161780260.000000
161846837.000000
161913235.000000
161979873.000000
162046377.000000
162113916.000000
162180520.000000
162246668.000000
162313574.000000
162380056.000000
162447581.000000
162515104.000000
162582630.000000
162650226.000000
162716703.000000
162784221.000000
162850839.000000
162917325.000000
162983829.000000
163050358.000000
163116860.000000
163183418.000000
163249972.000000
163252448.000000
163319044.000000
163385510.000000
163453567.000000
163521136.000000
163587617.000000
163654193.000000
163720695.000000
163787275.000000
163853753.000000
163921303.000000
163988810.000000
164055411.000000
164122934.000000
164189482.000000
164256975.000000
164323556.000000
164391079.000000
164458564.000000
164525116.000000
164591685.000000
164659161.000000
164725103.000000
164794240.000000
164860713.000000
164927313.000000
164993791.000000
165060290.000000
165126895.000000
165194925.000000
165262472.000000
165328951.000000
165395421.000000
165462991.000000
165529603.000000
165596089.000000
165663639.000000
165730192.000000
165796596.000000
165864198.000000
165930719.000000
165997328.000000
166064790.000000
166131254.000000
166197864.000000
166264380.000000
166266458.000000
166332993.000000
166399449.000000
166466010.000000
166532549.000000
166599074.000000
166665627.000000
166733617.000000
166801674.000000
166868245.000000
166934644.000000
167001273.000000
167068771.000000
167135345.000000
167201288.000000
167268417.000000
167335912.000000
167401855.000000
167469518.000000
167537010.000000
167603581.000000
167670060.000000
167736638.000000
167803155.000000
167870736.000000
167937155.000000
168004708.000000
168071332.000000
168137798.000000
168205847.000000
168272416.000000
168338897.000000
168405430.000000
168471998.000000
168538539.000000
168606525.000000
168673111.000000
168739600.000000
168806115.000000
168872057.000000
168939722.000000
169006272.000000
169072702.000000
169140360.000000
169206911.000000
169274892.000000
169342458.000000
169408899.000000
169475485.000000
169477462.000000
169544016.000000
169610502.000000
169677086.000000
169744597.000000
169811140.000000
169877637.000000
169944214.000000
170010689.000000
170077273.000000
170143828.000000
170210298.000000
170276882.000000
170343359.000000
170409893.000000
170475837.000000
170543524.000000
170610002.000000
170676573.000000
170743069.000000
170809649.000000
170876148.000000
170942696.000000
171010785.000000
171077247.000000
171144820.000000
171212825.000000
171279367.000000
171345844.000000
171412438.000000
171479945.000000
171546503.000000
171612972.000000
171678917.000000
171745722.000000
171815096.000000
171881639.000000
171948187.000000
172014652.000000
172080597.000000
172148288.000000
172214766.000000
172281340.000000
172347831.000000
172415444.000000
172481886.000000
172548521.000000
172614464.000000
172682573.000000
172750050.000000
172815994.000000
172883630.000000
172884602.000000
172951162.000000
173017637.000000
173084236.000000
173151734.000000
173218311.000000
173284874.000000
173351291.000000
173417439.000000
173485420.000000
173551907.000000
173618501.000000
173684982.000000
173751556.000000
173818036.000000
173884619.000000
173951105.000000
174017689.000000
174085188.000000
174151738.000000
174218272.000000
174284825.000000
174351294.000000
174417877.000000
174484412.000000
174550995.000000
174617416.000000
174685033.000000
174751491.000000
174817436.000000
174885636.000000
174953125.000000
175020715.000000
175087093.000000
175154771.000000
175222254.000000
175288792.000000
175355375.000000
175421803.000000
175488399.000000
175554881.000000
175622396.000000
175689031.000000
175755567.000000
175821985.000000
175888592.000000
175956610.000000
176023139.000000
176089692.000000
176157183.000000
176224777.000000
176291237.000000
176357180.000000
176359307.000000
176426802.000000
176493372.000000
176560888.000000
176627417.000000
176693956.000000
176760446.000000
176827017.000000
176893552.000000
176960079.000000
177026022.000000
177095120.000000
177161693.000000
177228160.000000
177294763.000000
177361228.000000
177427825.000000
177494295.000000
177560895.000000
177627376.000000
177693320.000000
177760987.000000
177828488.000000
177896593.000000
177963017.000000
178029618.000000
178097115.000000
178163672.000000
178231693.000000
178299264.000000
178366739.000000
178433307.000000
178499779.000000
178567398.000000
178633846.000000
178700416.000000
178766462.000000
178833490.000000
178900059.000000
178966513.000000
179033123.000000
179099576.000000
179167196.000000
179233656.000000
179301685.000000
179368268.000000
179434703.000000
179502314.000000
179503290.000000
179569759.000000
179636373.000000
179702851.000000
179769464.000000
179837487.000000
179904974.000000
179971528.000000
180038071.000000
180105590.000000
180172131.000000
180238638.000000
180305204.000000
180371686.000000
180437630.000000
180505283.000000
180571838.000000
180638229.000000
180704172.000000
180771932.000000
180838422.000000
180904999.000000
180972509.000000
181039051.000000
181105560.000000
181171503.000000
181239164.000000
181305646.000000
181372219.000000
181440255.000000
181507760.000000
181574321.000000
181642342.000000
181709859.000000
181776358.000000
181842940.000000
181909418.000000
181976005.000000
182043565.000000
182110017.000000
182176585.000000
182243146.000000
182309636.000000
182376113.000000
182442689.000000
182509284.000000
182575764.000000
182642335.000000
182708816.000000
182775380.000000
182841940.000000
182908433.000000
182974684.000000
183041465.000000
183042463.000000
183108581.000000
183177915.000000
183243969.000000
183311063.000000
183377006.000000
183445650.000000
183512200.000000
183579815.000000
183647306.000000
183714828.000000
183781381.000000
183847866.000000
183915911.000000
183981852.000000
184049512.000000
184115990.000000
184182573.000000
184250095.000000
184317612.000000
184385093.000000
184453202.000000
184519661.000000
184585605.000000
184652398.000000
184719433.000000
184787340.000000
184854862.000000
184921409.000000
184989462.000000
185057470.000000
185125003.000000
185191485.000000
185257428.000000
185325096.000000
185392608.000000
185458552.000000
185525319.000000
185593233.000000
185659718.000000
185726285.000000
185792779.000000
185859367.000000
185861866.000000
185929359.000000
185997363.000000
186063946.000000
186130340.000000
186197002.000000
186263505.000000
186329992.000000
186396608.000000
186464125.000000
186530670.000000
186597157.000000
186663730.000000
186730225.000000
186797830.000000
186865839.000000
186933864.000000
187000353.000000
187067953.000000
187135437.000000
187202917.000000
187269460.000000
187336040.000000
187403571.000000
187470075.000000
187537590.000000
187604169.000000
187670677.000000
187737238.000000
187803732.000000
187869674.000000
187937341.000000
188004848.000000
188071405.000000
188137888.000000
188205497.000000
188271956.000000
188339999.000000
188405941.000000
188473590.000000
188540078.000000
188606667.000000
188673148.000000
188739723.000000
188807248.000000
188809771.000000
188876235.000000
188944266.000000
189011869.000000
189078331.000000
189144917.000000
189212415.000000
189278983.000000
189346492.000000
189412993.000000
189479472.000000
189546092.000000
189612600.000000
189679171.000000
189745667.000000
189812230.000000
189878734.000000
189945204.000000
190011828.000000
190078328.000000
190144813.000000
190211881.000000
190278467.000000
190345982.000000
190412470.000000
190480072.000000
190546540.000000
190614140.000000
190680596.000000
190747180.000000
190814698.000000
190882175.000000
190948818.000000
191015202.000000
191081847.000000
191148334.000000
191215930.000000
191283426.000000
191349926.000000
191416508.000000
191484552.000000
191551010.000000
191617591.000000
191685621.000000
191753145.000000
191820724.000000
191886974.000000
191953746.000000
192020248.000000
192021191.000000
192087818.000000
192155330.000000
192221883.000000
192288366.000000
192354950.000000
192421431.000000
192488019.000000
192555044.000000
192621543.000000
192687484.000000
192755157.000000
192821637.000000
192888124.000000
192954737.000000
193022254.000000
193088806.000000
193155310.000000
193221774.000000
193288398.000000
193354888.000000
193421432.000000
193487961.000000
193554527.000000
193621017.000000
193687603.000000
193755124.000000
193821613.000000
193888197.000000
193954684.000000
194021251.000000
194087757.000000
194154326.000000
194220817.000000
194287383.000000
194353878.000000
194420447.000000
194486989.000000
194553478.000000
194619422.000000
194687085.000000
194754605.000000
194821124.000000
194888630.000000
194955220.000000
195021713.000000
195087961.000000
195154405.000000
195222822.000000
195290397.000000
195357879.000000
195424440.000000
195491950.000000
195557893.000000
195560014.000000
195628032.000000
195694518.000000
195761085.000000
195827565.000000
195894152.000000
195961665.000000
196027607.000000
196095219.000000
196162764.000000
196230325.000000
196296811.000000
196364333.000000
196430923.000000
196497339.000000
196565431.000000
196632022.000000
196698507.000000
196766023.000000
196832622.000000
196899101.000000
196965684.000000
197032736.000000
197099208.000000
197167285.000000
197233771.000000
197300346.000000
197366840.000000
197433319.000000
197499947.000000
197567986.000000
197634455.000000
197702070.000000
197769554.000000
197837037.000000
197902980.000000
197970640.000000
198038224.000000
198104674.000000
198171274.000000
198237749.000000
198304282.000000
198370821.000000
198437306.000000
198504858.000000
198571457.000000
198638985.000000
198641483.000000
198707956.000000
198774488.000000
198841072.000000
198907557.000000
198975158.000000
199041613.000000
199108200.000000
199175710.000000
199242264.000000
199308753.000000
199375222.000000
199441867.000000
199508347.000000
199575950.000000
199643444.000000
199710004.000000
199778029.000000
199845533.000000
199912031.000000
199978524.000000
200045053.000000
200111683.000000
200178162.000000
200245729.000000
200312223.000000
200378702.000000
200446783.000000
200513380.000000
200580895.000000
200648421.000000
200716420.000000
200782987.000000
200849436.000000
200915379.000000
200984045.000000
201050628.000000
201117115.000000
201183607.000000
201250222.000000
201316730.000000
201384289.000000
201450773.000000
201517355.000000
201584883.000000
201651375.000000
201717947.000000
201784437.000000
201785493.000000
201851969.000000
201918545.000000
201985034.000000
202052543.000000
202119130.000000
202185626.000000
202253142.000000
202319739.000000
202387256.000000
202453753.000000
202520337.000000
202587843.000000
202654397.000000
202721905.000000
202788467.000000
202854954.000000
202921515.000000
202988012.000000
203053952.000000
203121658.000000
203187906.000000
203255714.000000
203323721.000000
203390189.000000
203456682.000000
203524335.000000
203590793.000000
203658410.000000
203725384.000000
203791330.000000
203859932.000000
203926525.000000
203994006.000000
204060565.000000
204127067.000000
204193619.000000
204261154.000000
204327300.000000
204395731.000000
204463247.000000
204529751.000000
204597314.000000
204663808.000000
204732868.000000
204799355.000000
204800325.000000
204866825.000000
204934416.000000
205000994.000000
205068513.000000
205135069.000000
205201555.000000
205268150.000000
205335649.000000
205402200.000000
205468676.000000
205535150.000000
205601669.000000
205668334.000000
205734814.000000
205801397.000000
205867882.000000
205934359.000000
206000983.000000
206068515.000000
206136033.000000
206203524.000000
206270122.000000
206336609.000000
206404160.000000
206471740.000000
206539223.000000
206605772.000000
206672266.000000
206739831.000000
206806323.000000
206872899.000000
206939406.000000
207005930.000000
207072462.000000
207138899.000000
207205563.000000
207272061.000000
207338310.000000
207406119.000000
207474154.000000
207540728.000000
207607213.000000
207674819.000000
207741275.000000
207807751.000000
207875836.000000
207942416.000000
208009894.000000
208012395.000000
208080420.000000
208147935.000000
208214521.000000
208281016.000000
208347600.000000
208415128.000000
208482639.000000
208548582.000000
208616222.000000
208684255.000000
208750729.000000
208816674.000000
208884312.000000
208950787.000000
209017416.000000
209084943.000000
209152472.000000
209218959.000000
209285546.000000
209352036.000000
209419638.000000
209486002.000000
209552667.000000
209620720.000000
209688729.000000
209756252.000000
209822744.000000
209889330.000000
209955723.000000
210022390.000000
210089937.000000
210156417.000000
210222943.000000
210289530.000000
210357050.000000
210424570.000000
210492107.000000
210558601.000000
210625169.000000
210692696.000000
210759195.000000
210825137.000000
210893761.000000
210960340.000000
210961299.000000
211027823.000000
211094306.000000
211160925.000000
211227418.000000
211295024.000000
211361464.000000
211428013.000000
211495529.000000
211563109.000000
211630590.000000
211697173.000000
211763624.000000
211830250.000000
211897764.000000
211965819.000000
212033326.000000
212099876.000000
212167384.000000
212233329.000000
212302433.000000
212369001.000000
212436515.000000
212502965.000000
212569589.000000
212636087.000000
212703645.000000
212771213.000000
212837674.000000
212904149.000000
212970777.000000
213038292.000000
213104845.000000
213172355.000000
213239845.000000
213305787.000000
213374479.000000
213440965.000000
213508052.000000
213574524.000000
213641096.000000
213707593.000000
213774068.000000
213840694.000000
213908220.000000
213974805.000000
213976790.000000
214044265.000000
214110821.000000
214178346.000000
214244751.000000
214312446.000000
214379925.000000
214446483.000000
214512968.000000
214579456.000000
214647016.000000
214714587.000000
214781139.000000
214847623.000000
214914212.000000
214980691.000000
215049744.000000
215116297.000000
215182783.000000
215249368.000000
215316880.000000
215383382.000000
215449924.000000
215517943.000000
215584521.000000
215651014.000000
215717495.000000
215784131.000000
215850613.000000
215917148.000000
215983623.000000
216050263.000000
216116742.000000
216183329.000000
216249809.000000
216316388.000000
216382874.000000
216449447.000000
216515932.000000
216582520.000000
216649002.000000
216715492.000000
216782113.000000
216848264.000000
216914732.000000
216981751.000000
217050717.000000
217117292.000000
217183759.000000
217250251.000000
217252794.000000
217319359.000000
217385853.000000
217453875.000000
217521425.000000
217587583.000000
217654035.000000
217720969.000000
217787225.000000
217853385.000000
217919831.000000
217986671.000000
218053726.000000
218120711.000000
218187291.000000
218253794.000000
218319841.000000
218386091.000000
218452658.000000
218519204.000000
218585986.000000
218652978.000000
218719457.000000
218786080.000000
218852571.000000
218920090.000000
218986034.000000
219053713.000000
219120201.000000
219187816.000000
219254063.000000
219321876.000000
219388411.000000
219455891.000000
219522367.000000
219588311.000000
219656953.000000
219724559.000000
219791013.000000
219857263.000000
219925602.000000
219993090.000000
220059690.000000
220125633.000000
220194252.000000
220260743.000000
220327283.000000
220393756.000000
220460276.000000
220526916.000000
220593394.000000
220594426.000000
220660890.000000
220728962.000000
220795532.000000
220861932.000000
220927875.000000
220996597.000000
221063163.000000
221130695.000000
221197188.000000
221263718.000000
221330201.000000
221396820.000000
221464358.000000
221531871.000000
221599451.000000
221665816.000000
221733519.000000
221799966.000000
221866587.000000
221933028.000000
221999593.000000
222067172.000000
222134662.000000
222201201.000000
222267687.000000
222333631.000000
222401343.000000
222467795.000000
222534378.000000
222600855.000000
222667335.000000
222733974.000000
222800464.000000
222866614.000000
222934479.000000
223002129.000000
223068579.000000
223136149.000000
223202732.000000
223269188.000000
223335766.000000
223402241.000000
223469852.000000
223536304.000000
223602794.000000
223669874.000000
223735816.000000
223803437.000000
223869381.000000
223936177.000000
223938550.000000
224005034.000000
224071535.000000
224139084.000000
224205673.000000
224272174.000000
224338698.000000
224405180.000000
224471224.000000
224540299.000000
224607868.000000
224675383.000000
224743422.000000
224809365.000000
224876428.000000
224943032.000000
225009510.000000
225076101.000000
225142579.000000
225209163.000000
225275649.000000
225343254.000000
225410743.000000
225477289.000000
225543766.000000
225610355.000000
225677862.000000
225745444.000000
225811881.000000
225878435.000000
225946461.000000
226013031.000000
226079473.000000
226147552.000000
226215634.000000
226282106.000000
226348694.000000
226415174.000000
226481663.000000
226547605.000000
226614570.000000
226681847.000000
226748336.000000
226814920.000000
226881417.000000
226949022.000000
227015475.000000
227081419.000000
227083554.000000
227150039.000000
227216606.000000
227283134.000000
227351133.000000
227417703.000000
227484201.000000
227550781.000000
227617348.000000
227683805.000000
227751823.000000
227819436.000000
227885892.000000
227952483.000000
228018960.000000
228085445.000000
228152072.000000
228219097.000000
228285669.000000
228352119.000000
228418688.000000
228486194.000000
228552139.000000
228619795.000000
228686258.000000
228752870.000000
228819339.000000
228886956.000000
228954424.000000
229020993.000000
229088496.000000
229155053.000000
229221537.000000
229289573.000000
229355520.000000
229424129.000000
229490072.000000
229557774.000000
229624220.000000
229690805.000000
229758310.000000
229824853.000000
229891299.000000
229958958.000000
230025413.000000
230091953.000000
230158434.000000
230224378.000000
230293052.000000
230294086.000000
230361616.000000
230428106.000000
230496147.000000
230562722.000000
230629181.000000
230695773.000000
230762258.000000
230830290.000000
230896880.000000
230963343.000000
231031413.000000
231097975.000000
231164464.000000
231230991.000000
231296934.000000
231363702.000000
231430706.000000
231498615.000000
231566220.000000
231633709.000000
231700183.000000
231767767.000000
231835348.000000
231901807.000000
231969357.000000
232035925.000000
232102399.000000
232170010.000000
232236467.000000
232304071.000000
232372062.000000
232438562.000000
232505050.000000
232572697.000000
232640693.000000
232708722.000000
232775213.000000
232843255.000000
232909304.000000
232976855.000000
233043333.000000
233109911.000000
233176401.000000
233177449.000000
233244977.000000
233311460.000000
233378041.000000
233444532.000000
233511024.000000
233577659.000000
233644133.000000
233711654.000000
233777595.000000
233845272.000000
233911759.000000
233977703.000000
234045378.000000
234111848.000000
234178330.000000
234244958.000000
234311448.000000
234379052.000000
234445098.000000
234511252.000000
234579131.000000
234645631.000000
234712103.000000
234779758.000000
234846212.000000
234912690.000000
234980350.000000
235046816.000000
235113300.000000
235180862.000000
235248476.000000
235315976.000000
235382474.000000
235450041.000000
235517565.000000
235585087.000000
235651582.000000
235718172.000000
235785679.000000
235852235.000000
235918721.000000
235985287.000000
236051785.000000
236118363.000000
236184853.000000
236251428.000000
236317914.000000
236384946.000000
236451538.000000
236454503.000000
236520951.000000
236587580.000000
236654062.000000
236720008.000000
236786795.000000
236854752.000000
236922232.000000
236988782.000000
237056812.000000
237124317.000000
237190876.000000
237258381.000000
237324929.000000
237391421.000000
237459031.000000
237525483.000000
237593447.000000
237660054.000000
237726307.000000
237793159.000000
237859652.000000
237926195.000000
237992759.000000
238059237.000000
238127328.000000
238195346.000000
238263388.000000
238329864.000000
238396340.000000
238462962.000000
238529461.000000
238596988.000000
238663559.000000
238730049.000000
238796634.000000
238864152.000000
238930599.000000
238997230.000000
239064745.000000
239131298.000000
239197778.000000
239265384.000000
239331837.000000
239397782.000000
239465459.000000
239531926.000000
239597872.000000
239600022.000000
239667540.000000
239734037.000000
239801604.000000
239869134.000000
239936666.000000
240003171.000000
240069647.000000
240136274.000000
240202765.000000
240270273.000000
240336867.000000
240403357.000000
240470880.000000
240537465.000000
240603957.000000
240669903.000000
240738579.000000
240805046.000000
240872655.000000
240939104.000000
241007128.000000
241074749.000000
241142247.000000
241208739.000000
241275316.000000
241341797.000000
241409329.000000
241475884.000000
241542422.000000
241608958.000000
241675498.000000
241743029.000000
241809509.000000
241876092.000000
241942627.000000
242009204.000000
242076692.000000
242143234.000000
242209717.000000
242277296.000000
242345322.000000
242411815.000000
242478392.000000
242544886.000000
242611357.000000
242677910.000000
242680017.000000
242747498.000000
242815076.000000
242882565.000000
242949149.000000
243018069.000000
243084014.000000
243151709.000000
243219224.000000
243286746.000000
243353239.000000
243419182.000000
243486866.000000
243553348.000000
243620856.000000
243687349.000000
243753973.000000
243820514.000000
243887016.000000
243954517.000000
244021151.000000
244087597.000000
244154129.000000
244220624.000000
244287231.000000
244353775.000000
244420271.000000
244486847.000000
244553329.000000
244621349.000000
244687935.000000
244754420.000000
244820989.000000
244887031.000000
244956067.000000
245023576.000000
245091163.000000
245157603.000000
245224207.000000
245290687.000000
245357253.000000
245423739.000000
245490221.000000
245556851.000000
245623333.000000
245689275.000000
245756965.000000
245824485.000000
245826471.000000
245892958.000000
245959534.000000
246026083.000000
246094124.000000
246160596.000000
246228202.000000
246295684.000000
246362222.000000
246428677.000000
246494618.000000
246563853.000000
246632792.000000
246698843.000000
246765832.000000
246832370.000000
246898999.000000
246965483.000000
247031967.000000
247098956.000000
247164900.000000
247232655.000000
247299148.000000
247365091.000000
247432254.000000
247498741.000000
247564685.000000
247631470.000000
247698515.000000
247765542.000000
247833449.000000
247899930.000000
247966407.000000
248033082.000000
248099234.000000
248166146.000000
248232603.000000
248300129.000000
248366706.000000
248434228.000000
248500715.000000
248567300.000000
248633790.000000
248700382.000000
248767873.000000
248834430.000000
248900916.000000
248968524.000000
249034999.000000
249101523.000000
249103577.000000
249170044.000000
249236607.000000
249303103.000000
249370709.000000
249437174.000000
249503741.000000
249570240.000000
249636807.000000
249703294.000000
249769777.000000
249836407.000000
249902894.000000
249969491.000000
250035973.000000
250102537.000000
250168978.000000
250237062.000000
250303630.000000
250370128.000000
250436605.000000
250503230.000000
250569679.000000
250636297.000000
250702783.000000
250769357.000000
250836843.000000
250903436.000000
250969922.000000
251036489.000000
251102984.000000
251169527.000000
251237132.000000
251303589.000000
251370145.000000
251436691.000000
251503184.000000
251569771.000000
251636241.000000
251702824.000000
251769408.000000
251836881.000000
251904448.000000
251970913.000000
252038521.000000
252104960.000000
252170904.000000
252238589.000000
252305064.000000
252371647.000000
252438135.000000
252504664.000000
252572271.000000
252639250.000000
252705194.000000
252708262.000000
252776309.000000
252842871.000000
252909356.000000
252975933.000000
253042415.000000
253109979.000000
253176518.000000
253243023.000000
253310528.000000
253377112.000000
253444631.000000
253511172.000000
253577612.000000
253644244.000000
253711763.000000
253777706.000000
253845356.000000
253911847.000000
253978420.000000
254044909.000000
254111478.000000
254177963.000000
254244496.000000
254312526.000000
254380042.000000
254446585.000000
254513183.000000
254580687.000000
254648177.000000
254714782.000000
254781264.000000
254847838.000000
254915347.000000
254981903.000000
255048390.000000
255114912.000000
255181404.000000
255247938.000000
255313884.000000
255381597.000000
255448080.000000
255514556.000000
255581181.000000
255647767.000000
255714143.000000
255780083.000000
255847825.000000
255914310.000000
255980890.000000
256047385.000000
256113911.000000
256115883.000000
256182478.000000
256248971.000000
256315566.000000
256383084.000000
256449579.000000
256517169.000000
256583635.000000
256651205.000000
256717693.000000
256784262.000000
256850766.000000
256917231.000000
256983764.000000
257050393.000000
257116894.000000
257183469.000000
257249954.000000
257316441.000000
257383061.000000
257449568.000000
257517071.000000
257583665.000000
257651692.000000
257718183.000000
257784753.000000
257852782.000000
257919187.000000
257985844.000000
258053885.000000
258121414.000000
258187893.000000
258254375.000000
258321011.000000
258388548.000000
258455032.000000
258521614.000000
258589129.000000
258656653.000000
258724659.000000
258791216.000000
258858785.000000
258926796.000000
258993288.000000
259060844.000000
259128893.000000
259129823.000000
259195764.000000
259264402.000000
259330972.000000
259399017.000000
259466509.000000
259533068.000000
259600571.000000
259666513.000000
259734164.000000
259801672.000000
259869250.000000
259935713.000000
260002271.000000
260068812.000000
260135357.000000
260201837.000000
260268413.000000
260334908.000000
260401467.000000
260468022.000000
260535532.000000
260602067.000000
260668614.000000
260735103.000000
260801579.000000
260868209.000000
260934693.000000
261001267.000000
261068835.000000
261135298.000000
261201865.000000
261269395.000000
261336879.000000
261402822.000000
261471460.000000
261538963.000000
261605507.000000
261672091.000000
261738574.000000
261806095.000000
261873670.000000
261941250.000000
262009255.000000
262076760.000000
262143313.000000
262144263.000000
262210774.000000
262278310.000000
262344255.000000
262412894.000000
262479460.000000
262546992.000000
262614518.000000
262681010.000000
262747544.000000
262814036.000000
262881606.000000
262948176.000000
263014715.000000
263082236.000000
263148782.000000
263215264.000000
263282884.000000
263349339.000000
263416940.000000
263483383.000000
263549980.000000
263617993.000000
263686016.000000
263752567.000000
263819045.000000
263884988.000000
263952666.000000
264020725.000000
264088211.000000
264154455.000000
264222323.000000
264288373.000000
264354660.000000
264421425.000000
264490946.000000
264557099.000000
264623227.000000
264690467.000000
264756413.000000
264824081.000000
264891594.000000
264959090.000000
265026681.000000
265027639.000000
265094637.000000
265161195.000000
265227139.000000
265293696.000000
265361774.000000
265429304.000000
265495921.000000
265563689.000000
265630220.000000
265696719.000000
265764269.000000
265830838.000000
265898365.000000
265964937.000000
266031386.000000
266097877.000000
266164483.000000
266231016.000000
266297547.000000
266364069.000000
266430620.000000
266497189.000000
266563719.000000
266631708.000000
266699261.000000
266765816.000000
266833294.000000
266899822.000000
266967834.000000
267033776.000000
267100556.000000
267168474.000000
267234936.000000
267300879.000000
267368576.000000
267435021.000000
267502664.000000
267569209.000000
267635663.000000
267703216.000000
267770715.000000
267838246.000000
267905759.000000
267973819.000000
268040402.000000
268106545.000000
268110427.000000
268176902.000000
268243509.000000
268310042.000000
268377537.000000
268446526.000000
268513090.000000
268579666.000000
268646107.000000
268713706.000000
268780176.000000
268847743.000000
268914213.000000
268982330.000000
269050282.000000
269116834.000000
269184433.000000
269250896.000000
269317462.000000
269384001.000000
269450447.000000
269516394.000000
269584110.000000
269650676.000000
269717142.000000
269785153.000000
269851741.000000
269919218.000000
269985808.000000
270052369.000000
270118833.000000
270185088.000000
270251289.000000
270318460.000000
270384939.000000
270451087.000000
270517968.000000
270585522.000000
270653055.000000
270719655.000000
270786129.000000
270852708.000000
270919260.000000
270986860.000000
271054050.000000
271121974.000000
271124050.000000
271190592.000000
271258146.000000
271325605.000000
271392172.000000
271459670.000000
271525614.000000
271594232.000000
271661742.000000
271729773.000000
271796349.000000
271862293.000000
271929048.000000
271996095.000000
272063933.000000
272130507.000000
272197043.000000
272263518.000000
272331140.000000
272397685.000000
272464219.000000
272530754.000000
272597285.000000
272663812.000000
272730352.000000
272797814.000000
272863760.000000
272930538.000000
272999922.000000
273065867.000000
273133516.000000
273201003.000000
273266947.000000
273335071.000000
273401630.000000
273468201.000000
273534646.000000
273600591.000000
273668307.000000
273735753.000000
273801697.000000
273869301.000000
273935887.000000
274002363.000000
274068948.000000
274135477.000000
274137510.000000
274204050.000000
274270493.000000
274337068.000000
274405149.000000
274471691.000000
274538222.000000
274605676.000000
274672778.000000
274738728.000000
274805025.000000
274872362.000000
274939886.000000
275006368.000000
275072911.000000
275139475.000000
275206990.000000
275276236.000000
275343775.000000
275410757.000000
275476701.000000
275544337.000000
275610881.000000
275677391.000000
275743934.000000
275809979.000000
275876975.000000
275943524.000000
276009469.000000
276077065.000000
276143598.000000
276209653.000000
276278667.000000
276345252.000000
276411668.000000
276478258.000000
276546346.000000
276612913.000000
276679452.000000
276745878.000000
276812450.000000
276880517.000000
276947033.000000
277013585.000000
277080129.000000
277146661.000000
277213184.000000
277280650.000000
277347203.000000
277413734.000000
277414735.000000
277481279.000000
277547317.000000
277614813.000000
277681387.000000
277747929.000000
277814405.000000
277881960.000000
277948439.000000
278014982.000000
278081510.000000
278148109.000000
278214587.000000
278280631.000000
278349236.000000
278415765.000000
278482327.000000
278548476.000000
278615296.000000
278681238.000000
278748889.000000
278815413.000000
278881961.000000
278948489.000000
279015029.000000
279081076.000000
279148598.000000
279216147.000000
279282611.000000
279349238.000000
279415673.000000
279482300.000000
279548741.000000
279614686.000000
279683807.000000
279749747.000000
279817415.000000
279883946.000000
279950457.000000
280016400.000000
280084042.000000
280149984.000000
280217671.000000
280284198.000000
280350729.000000
280417162.000000
280485220.000000
280551778.000000
280618317.000000
280684834.000000
280750777.000000
280818405.000000
280884946.000000
280951482.000000
281017989.000000
281020023.000000
281086583.000000
281154059.000000
281220610.000000
281286551.000000
281354196.000000
281421747.000000
281488198.000000
281555727.000000
281623274.000000
281689838.000000
281757331.000000
281825362.000000
281891955.000000
281958429.000000
282024994.000000
282091424.000000
282157988.000000
282223930.000000
282291638.000000
282358129.000000
282424670.000000
282491241.000000
282557716.000000
282625315.000000
282693767.000000
282759914.000000
282827396.000000
282893870.000000
282961473.000000
283029521.000000
283095986.000000
283162779.000000
283229182.000000
283298058.000000
283365650.000000
283431595.000000
283501144.000000
283569238.000000
283635966.000000
283640224.000000
283707670.000000
283773922.000000
283841272.000000
283907828.000000
283974443.000000
284041921.000000
284108790.000000
284174874.000000
284241933.000000
284308580.000000
284375145.000000
284441605.000000
284507751.000000
284575696.000000
284642654.000000
284710232.000000
284776278.000000
284846217.000000
284913287.000000
284979651.000000
285047283.000000
285116963.000000
285182912.000000
285249934.000000
285317414.000000
285384351.000000
285452840.000000
285519631.000000
285586557.000000
285655126.000000
285722222.000000
285788269.000000
285854802.000000
285922300.000000
285988449.000000
286055425.000000
286122292.000000
286189891.000000
286256348.000000
286323026.000000
286390484.000000
286456422.000000
286459466.000000
286526461.000000
286593119.000000
