0.727133 1.556008 -0.294403 0.368482
1.840009 -0.876624 -0.164974 -0.063361
-0.877621 1.262224 -0.006706 -0.387905
-1.306528 1.190510 0.033380 -0.170152
0.341128 0.809264 -0.136339 0.070638
0.795816 -0.173928 -0.104832 0.188512
0.739595 -0.770372 -0.355159 0.221685
0.788295 -2.289314 -0.209279 0.111247
0.053339 1.345554 0.798270 -0.713793
1.824685 -3.442245 0.104119 -0.100148
1.124942 -3.416806 -0.128490 0.320642
-0.269399 -2.206417 -0.061045 0.372436
-3.050324 4.177366 0.789174 -0.397640
-2.576533 3.798958 0.962279 -0.562814
1.388033 0.615870 -1.720151 0.967855
0.098074 -0.876437 -0.225961 -0.079431
0.680024 0.526638 -0.030665 -0.016395
0.819770 0.435257 -0.073661 0.080911
0.294955 -1.499697 0.237845 -0.329834
1.961893 -2.099402 -0.134963 -0.053458
0.618237 0.471616 0.581278 -0.326065
0.436962 -2.391268 0.375460 -0.254181
-1.502314 2.154928 -0.211941 -0.062682
-0.588441 0.952991 0.114598 0.150187
1.183322 -0.686366 -0.305708 0.286864
-2.116990 -0.653931 0.351706 -0.038646
-2.979662 -0.501406 0.677032 -0.467379
-1.064488 -1.184665 -0.289742 0.865472
0.829242 -2.137349 -0.271247 0.858852
1.686025 -1.431839 0.121311 -0.013094
-1.092664 3.186971 0.382798 -0.428675
2.190355 -0.831701 -0.171940 -0.075241
0.670150 1.390256 0.500098 -0.442138
-0.528434 3.152921 -0.358572 -0.385822
1.666369 -1.695516 -0.346544 0.217706
2.000861 -3.195050 -0.582630 0.415037
-0.253954 2.202162 0.578844 -0.604220
-0.436850 -1.830492 0.124529 -0.392765
-1.667549 0.919628 0.317099 0.101762
-2.139976 1.167203 0.449174 0.272396
-0.271082 -0.146593 -0.383641 0.247137
0.898683 -1.141064 -0.569984 0.187866
0.154106 1.489795 0.127273 0.295690
0.383489 1.252586 0.289990 -0.479348
0.255321 0.947484 0.243665 -0.164686
-0.241429 0.310960 -0.375033 -0.234141
0.427616 -0.297974 0.017233 -0.045955
0.559429 0.698694 -0.273005 0.445656
1.510743 -1.291189 -0.310831 -0.265518
-0.889066 -1.159655 0.807263 -0.669770
-0.955399 -1.013628 0.085708 0.024478
-0.598590 -1.978768 -0.264555 0.742636
0.060902 -0.474032 0.513675 0.340132
-0.687907 1.039726 -0.128880 0.149323
0.157424 2.346190 0.217260 -0.217720
0.592693 0.268062 -0.344072 -0.342461
0.728844 -0.351340 -0.797839 0.155710
1.032531 1.533677 -0.164882 0.109512
-0.664124 0.821742 0.757625 -0.146786
1.562371 -3.632504 0.221218 -0.448572
-1.452502 -0.082453 0.454024 -0.060510
0.691290 -2.665495 0.035775 0.423960
-1.321442 3.216865 0.497730 -0.002751
-1.438976 0.056209 -0.551069 -0.050028
-1.550757 0.627281 0.434006 -0.319824
1.094594 -2.129200 -0.263798 0.503074
2.621483 1.877471 -0.132974 0.423664
3.278221 -1.779051 0.012572 -0.681356
1.296168 0.272576 -0.098294 -0.727979
-1.017903 0.103518 -0.023947 0.100452
-0.504851 -3.374670 0.208469 0.563205
-2.255166 0.223474 0.280469 -0.079362
-1.086601 2.007226 0.426793 0.012905
-1.060808 1.963771 0.597313 -0.010314
1.174601 0.435241 -0.425848 0.176543
0.492324 -1.629671 -1.301473 0.214182
-0.702744 0.406087 0.448542 -0.420177
0.072561 0.266426 0.026227 0.167206
0.230687 0.265474 -0.028733 0.385203
0.508454 -1.699604 -0.369234 -0.168865
-0.201735 0.252289 0.266762 0.072090
-1.187730 2.033221 0.187364 -0.197641
-1.167627 1.800580 0.035109 -0.255070
1.656505 -1.258144 -0.540537 0.450082
0.377586 -0.915033 -0.271849 0.380890
0.962538 -3.021535 0.454032 -0.339113
1.199645 -2.111007 0.515528 -0.015007
-1.910483 1.945104 0.465741 -0.377949
0.293247 -1.305813 0.024097 0.066383
0.080196 2.129545 -0.008007 0.036819
-0.034318 -1.353668 -0.492004 0.277645
0.171131 -1.389906 -0.167225 -0.049361
0.363333 -0.726404 0.007129 0.130814
-1.187570 1.653351 0.622507 -0.355237
-1.951239 3.389814 0.400721 -0.052360
1.523740 -2.535720 -0.751506 0.126670
-1.091422 1.348240 0.221225 0.191947
0.228777 1.693075 0.219877 -0.182898
1.898716 -2.960082 -0.311150 0.326681
-1.762488 1.825298 0.240800 -0.289479
0.505497 -1.290227 -0.528613 0.162159
0.779682 -2.713764 0.416484 -0.018194
-0.340918 1.457125 0.458581 -0.332806
0.294408 -0.026047 -0.114856 0.105719
1.010483 -1.974360 -0.061462 0.081100
0.595035 -0.584080 -0.098258 0.130074
0.531782 -1.191455 0.263354 -0.509424
-0.345836 1.854685 0.425390 -0.194407
0.907281 -0.106654 -0.319856 -0.062650
-1.371481 -0.187785 -0.050400 0.340845
-2.792488 3.089865 0.111473 0.046684
1.120750 -1.165617 0.118390 0.367929
1.729164 -0.910434 0.165548 0.298279
1.363322 -0.199061 -0.079809 -0.525403
-1.136741 2.457555 -0.185254 -0.191498
0.774906 -2.176373 0.034474 -0.033627
-1.341817 -0.091375 0.156092 -0.003790
-1.089204 1.243581 0.147234 -0.343325
-0.762260 2.409148 0.153629 -0.035761
1.583205 -0.618338 0.100337 0.308023
0.243739 -1.303700 -0.606715 0.226846
-0.104577 -1.021697 -0.555881 0.213555
0.881668 -2.150410 0.792692 -0.167700
-0.670682 -1.787042 0.805024 -0.321916
-0.903674 0.851288 0.124628 -0.303726
0.252896 2.640706 -0.396643 0.232545
-0.478964 2.608447 -0.271483 0.261317
-1.089363 0.620527 -0.441964 0.605325
1.308774 -1.673462 0.073376 -0.457381
1.833779 -2.834066 -0.102883 0.039644
-0.747076 -1.125930 0.617788 -0.406618
-0.091525 -2.065964 0.110046 0.014748
-0.593760 -0.457542 0.124244 0.057551
-0.047221 1.499799 -0.053946 0.206935
-0.126485 1.394645 0.258520 -0.199281
1.613689 1.372539 -0.355164 0.337774
1.632777 -0.103390 -0.415820 -0.159905
0.349988 0.108131 0.149877 -0.727436
-0.026184 0.591625 0.147598 -0.196556
-0.715794 -1.005943 -0.188105 0.372462
-0.578035 -1.415514 0.152299 -0.173719
-1.223374 3.864666 0.157014 0.363815
-0.257273 -0.493469 -0.162093 0.094735
0.175282 -2.905845 0.457159 -0.150762
0.574986 0.835877 0.039294 0.111265
-0.104402 2.032007 0.371160 -0.319191
0.023315 1.316280 -0.879116 0.165986
1.025382 -3.124624 -0.400869 0.283469
-1.173691 0.888200 0.698819 -0.266741
1.427924 -2.352465 0.071093 0.076963
-0.178733 2.252855 0.034877 -0.009182
-0.162104 3.467852 0.013242 -0.252069
-0.031381 1.111860 -0.444346 0.155313
0.020788 -2.341505 -0.374484 0.104539
0.165478 -2.123308 0.077405 -0.064232
0.200410 -3.173836 0.607500 0.117432
-1.758954 2.290811 0.231687 0.055855
0.824815 -0.418646 0.099300 -0.045100
0.499750 0.553870 -0.135031 -0.017324
0.130068 -2.071445 0.105098 -0.057196
0.697048 1.535912 -0.088151 0.080172
1.737477 0.255499 0.120428 -0.084247
-0.717538 0.801822 -0.095855 -0.551776
0.717283 -2.302504 -0.082817 0.020804
-1.840924 -0.589209 0.467816 0.064028
-0.594239 -0.985688 0.360261 0.064510
-0.716368 -0.355744 -0.207983 0.378767
-1.454336 3.335675 0.184812 0.125233
2.332712 -3.008365 -0.189177 -0.091185
0.764907 -0.092379 0.192993 -0.088796
-0.217357 0.675470 0.155134 -0.187050
1.196071 -0.404633 -0.503929 0.383995
-0.570921 2.166888 0.124256 -0.173378
-0.057173 -0.551337 0.016897 -0.458576
-1.427091 0.452028 -0.237990 -0.173360
-1.333621 2.277180 0.243894 0.358401
-0.627296 -0.955049 -0.169718 0.285812
1.192568 0.269376 -0.081445 -0.052808
2.200609 -3.277484 0.130981 -0.109628
-0.311876 -0.469673 0.135741 0.071144
-1.799740 1.058603 0.208302 0.080863
-0.867574 -0.453549 0.315381 -0.272509
-2.162897 -1.079500 0.078225 0.234940
0.767280 0.512134 -0.054852 0.578808
1.110941 -0.453361 0.012372 0.072527
0.712704 2.402780 0.002135 -0.177447
1.357777 -0.546088 -0.220025 -0.129578
1.429080 -1.693691 -0.239326 -0.037103
-0.317177 1.354105 0.339402 -0.581635
0.749486 -2.853861 -0.127342 -0.052524
-1.696253 0.696997 0.347625 -0.229853
-0.804977 -1.393269 0.315371 0.086816
-1.038384 -0.115299 0.125440 -0.013826
0.062087 -0.762067 -0.066789 0.446075
-0.249017 1.190244 -0.017445 0.325049
1.359959 0.659195 0.137454 0.057167
-0.435716 2.142374 -0.035368 -0.057763
1.228697 -1.345025 -0.366363 -0.274064
0.732825 -2.617042 -0.241777 -0.427045
0.905350 -2.154774 0.507299 0.096704
-2.077322 5.122444 0.202888 0.209416
-2.261348 3.892476 0.085255 0.238769
0.037236 0.730053 -0.889331 0.009057
0.281411 -0.149434 -1.343338 0.189908
-0.198026 -0.627294 0.951316 -0.050044
2.370702 -2.944184 0.098513 -0.096604
-0.925175 -0.100594 0.454276 -0.121955
-0.713431 -2.113933 0.601005 -0.205572
-0.484241 -2.337199 0.563047 -0.222421
2.119560 -0.189363 -0.325797 0.654045
0.617114 0.953477 -0.195436 0.024343
0.589113 0.852813 -0.152390 -0.022919
0.067634 -1.376226 0.004416 -0.366436
-1.192116 2.912106 0.450236 -0.332277
1.208656 -0.610046 -0.142148 0.104438
0.220416 -0.162314 0.324980 -0.242529
-1.051023 1.208904 -0.158458 0.056252
-1.480282 1.260078 -0.015924 0.091648
-0.039025 -1.045655 -0.380924 0.233916
1.474518 -0.880539 -0.306871 0.128063
0.357214 1.819660 0.271180 -0.015261
1.190175 0.376098 0.192194 0.001246
1.516770 -0.085817 -0.080121 0.047482
-0.725946 1.406998 -0.126231 -0.295416
-1.315609 -1.162863 -0.172997 -0.552206
-1.873173 0.249321 0.030536 0.504693
-0.065189 -4.438471 -0.177088 0.095224
-0.230854 1.612978 0.496748 0.137442
-0.119896 1.433999 0.346057 -0.200680
0.161490 -0.640514 -0.006669 0.145525
-0.602794 1.122824 -0.353262 0.039529
-0.277859 -1.690081 -0.015341 0.211013
0.689743 -3.067078 0.281108 -0.022854
-1.161828 0.053041 0.546371 -0.214412
1.617377 -1.074723 0.016922 0.052843
1.752920 -1.108444 -0.065830 0.033413
-0.482395 3.734116 -0.047032 -0.093861
1.091998 -1.228853 0.148252 -0.203530
-0.003257 1.068494 0.140566 -0.127341
-1.851919 0.829961 0.086392 -0.168721
-0.491329 -1.296326 -0.375397 0.224934
0.446325 0.400382 -0.271477 0.186898
1.908863 -0.257045 -0.213867 0.200391
2.486514 -1.515629 -0.433110 0.302771
-0.400685 -1.532120 0.615132 -0.977260
-0.114224 0.192452 1.017817 -0.399357
-3.349970 4.402760 -0.364636 0.343118
0.656377 -2.309928 -0.268123 0.210635
-0.399075 -0.892402 -0.163252 0.287112
-1.719395 0.874734 0.754521 -0.216546
-0.727728 -1.415791 -0.191121 0.255558
0.309981 1.295415 -0.310629 0.563752
2.314206 -1.611615 -0.190312 -0.025944
0.690340 0.539692 0.806852 -0.725133
-1.183893 2.012744 0.031637 -0.320678
1.079085 1.225509 -0.318152 0.197644
0.704859 -2.372293 -0.431978 0.282649
-0.354141 0.310881 0.388696 -0.278060
0.538548 0.392914 -0.019883 0.022506
-1.733303 1.165429 -0.045448 -0.008414
0.617027 -2.029457 -0.180380 0.094577
-0.887518 1.937247 0.001772 0.250443
2.284490 -1.962331 0.352132 -0.348726
-0.677402 -0.006098 0.147189 -0.060115
-0.723481 -0.415608 0.282322 -0.107707
0.871839 -1.361633 -0.219157 0.074420
-1.152958 2.959433 -0.042181 0.484546
1.239740 -1.653219 0.143947 -0.440256
0.234122 1.289132 -0.042604 0.081731
-0.484030 -0.672998 -0.183083 0.046930
0.138223 -2.400932 0.114414 -0.158771
-1.278708 1.949571 0.401972 -0.062545
-1.058418 1.673874 0.261662 -0.143908
1.951571 -0.092923 -0.977578 0.501184
0.646642 2.347225 -0.288302 0.154160
-0.003103 -0.535550 -0.487478 0.110442
-1.162294 0.306329 0.525556 -0.629171
1.184056 -2.044813 0.054801 0.096808
-0.366514 -1.563034 0.540223 -0.434383
-0.331856 0.042978 -0.419655 0.521437
-0.688931 0.910469 0.576200 -0.116776
1.255556 -1.802006 -0.213495 0.222886
-2.244277 1.136992 0.228443 -0.206706
-0.594664 -0.773031 -0.183033 0.025518
-0.273524 -0.486866 -0.179647 0.210041
0.616705 0.881860 0.391501 0.249162
1.640609 -0.368565 0.056589 -0.082506
-0.206806 0.729314 0.416331 -0.418603
1.024555 0.928579 0.254269 -0.266217
0.293830 1.412722 -0.333970 0.062036
1.974351 -4.048577 -0.656388 0.025182
-0.562174 1.163921 0.571600 -0.132163
2.085438 -3.034844 -0.209158 0.135628
-1.183947 0.580326 0.292537 -0.328564
-1.775680 0.602774 0.342249 -0.048159
-1.796513 1.352350 -0.729909 0.505118
0.825599 -0.876895 0.191092 -0.145365
-0.384993 1.103201 0.062349 0.019889
-1.608932 0.114466 0.637322 -0.119967
0.184060 -1.949905 -0.540369 0.367013
-0.037992 1.181446 0.007879 0.616421
1.407070 -3.033959 0.388473 -0.366942
1.136419 0.940332 0.160028 -0.236558
-0.926107 -0.306433 -0.276296 -0.117632
1.212211 -1.572407 -0.080622 0.372291
0.400124 1.278321 0.110177 -0.069294
0.074153 1.278034 -0.251045 -0.102597
-1.247823 1.600313 0.397027 -0.379490
-0.566130 -0.026495 -0.529968 0.098027
0.282647 -1.926016 -0.125925 0.194612
-1.091394 3.257189 0.300155 0.083855
-1.125251 1.633643 0.358876 0.102126
1.103325 -2.181766 -0.702370 0.083961
-0.664679 1.530575 0.179650 -0.232951
1.554226 -1.338174 0.038479 -0.344810
1.347257 -2.680960 -0.314696 0.407055
-0.864240 1.737311 0.580588 -0.260513
-1.177866 0.849167 0.636281 -0.429019
-1.676212 0.378345 -0.586110 0.494810
-1.331493 1.548619 -0.637424 0.539110
-0.451020 1.174942 -0.170498 0.073754
0.263533 -0.086561 0.064492 -0.191155
1.941648 -1.388861 0.259136 -0.166350
0.991496 -0.567488 0.051916 -0.120160
0.171605 2.647120 0.120860 0.181632
2.632458 -2.952952 -0.517843 -0.093231
0.229211 0.424419 0.592001 -0.492963
-1.680137 0.740085 0.442438 -0.716096
0.622960 -1.435189 -0.601007 1.007380
-0.380073 0.207580 0.009456 -0.031411
0.886472 -2.139542 0.365255 -0.200992
0.646591 1.039617 -0.032650 0.203180
0.104849 0.559514 0.194372 -0.230268
0.480201 -1.353915 -0.170026 -0.194993
-1.023985 2.187728 0.054131 0.277913
-0.637141 0.700663 0.246797 -0.220185
0.444249 -3.543217 -0.049509 -0.052315
-1.141856 -0.331467 0.283945 0.007444
1.610993 -1.508837 -0.006701 0.411562
-0.295275 1.809392 -0.116867 -0.238485
0.548405 -2.164122 -0.067256 0.061977
1.046273 -1.366255 0.142891 -0.165763
-1.660245 0.272443 -0.174645 0.199509
-1.679302 3.068110 0.463442 -0.187406
-0.961454 2.685077 0.461179 0.062018
0.360191 0.084712 -0.657276 -0.056027
0.562156 -1.147629 0.065021 -0.132384
0.748667 -2.623699 -0.402659 0.506854
-0.697490 1.774996 0.707237 -0.068327
1.932771 -2.443879 -0.205984 -0.021149
2.805475 -2.157682 -0.113429 -0.087182
0.394130 -3.065710 0.231956 0.021452
-1.711942 3.664159 0.584589 -0.552598
-0.572020 0.136449 -0.049383 0.201487
-1.390214 0.505410 0.021042 -0.042019
0.304262 -0.860627 -0.203060 0.138767
-0.125725 0.776900 0.122619 0.213290
0.059316 -0.522970 0.069250 0.045006
-0.392820 0.390412 -0.163184 -0.049950
0.803114 -1.233261 -0.165761 0.071031
0.887616 0.662419 0.288715 -0.261999
-1.308301 -1.476736 -0.120124 -0.006685
-1.305426 1.188798 0.326846 0.175365
-2.400440 2.978609 0.293115 0.232618
-0.852704 0.384137 0.196598 0.003206
1.684949 -0.978925 -0.812011 0.249623
2.657453 -1.981004 -0.244449 0.031661
1.069210 0.356235 0.157367 -0.426890
0.557570 -1.858274 0.393220 -0.027539
-3.059509 2.166568 -0.049004 -0.080497
-0.186771 -1.923903 0.013145 0.256777
-0.804224 1.774833 -0.235331 0.223789
-0.448469 0.621694 0.357423 -0.196480
0.633348 1.460078 -0.341019 0.182315
0.399346 1.304359 -0.137731 0.152330
0.549409 -1.026689 -0.133795 -0.061266
0.028786 0.914922 0.331330 -0.434382
-1.046956 -0.627460 -0.093479 -0.285006
1.065364 -3.027054 0.145238 0.140232
0.365772 -1.614789 0.127852 0.161644
1.337582 -1.577654 0.300768 0.027448
-1.469267 3.605949 -0.093358 0.218240
0.413461 -0.817598 0.465002 -0.571556
1.185630 -0.801169 -0.465985 0.445339
-0.076204 -0.431176 0.141692 -0.071326
-0.744024 1.186769 -0.106724 -0.217776
0.477161 -0.336291 0.122814 -0.036008
1.215189 -0.449351 -0.002545 -0.083861
-0.718599 0.509303 0.143620 0.074515
-0.052551 0.981785 0.212896 0.054892
1.307497 -1.485291 0.226272 -0.492762
-0.561780 0.770829 -0.282682 0.171527
0.368028 -1.405490 -0.453111 0.399147
0.132047 -1.457262 0.447515 -0.228648
-0.582206 0.654090 0.058901 0.039136
-2.528469 3.024233 0.023202 -0.134327
0.172150 -1.581343 -0.289628 0.446638
-0.687692 0.820509 0.139404 -0.231173
-1.389304 0.750594 0.084039 0.193360
-0.542337 0.577038 -0.361852 0.088855
1.353374 -2.366686 -0.016231 0.289207
-0.418398 2.418808 0.505638 -0.076347
0.847105 0.017095 -0.254288 -0.030415
1.050144 -2.257990 -0.370298 -0.000542
0.412364 -0.969840 0.506204 -0.339668
0.782255 -0.908154 0.764903 -0.356946
-1.879079 2.354936 -0.219025 0.153403
0.769221 -0.791953 -0.475225 0.259327
-1.691992 3.760433 0.159757 0.023529
0.683842 0.186726 -0.538889 0.092417
1.427649 -2.138521 -0.150405 -0.091519
-2.472793 2.591566 0.427094 -0.021096
2.677125 -2.451685 -0.090407 -0.049325
1.458810 -1.613329 0.193124 -0.108240
0.320683 -1.201275 0.124719 -0.057793
0.045018 0.461996 0.000802 -0.061426
-1.659647 2.558586 0.223135 -0.061077
1.648641 -0.833273 0.141858 -0.322232
0.884611 0.883823 -0.365961 -0.021117
-0.331524 -0.525182 -0.188205 0.118866
1.392783 -2.757708 0.022538 0.127648
-0.692196 1.647949 0.207446 -0.218794
-2.244163 0.921194 0.311093 -0.081745
0.412050 -2.549279 -0.238804 0.260018
0.194008 -0.441999 0.113122 0.254111
-0.041480 -0.549226 -0.095904 0.302691
0.227017 0.267332 0.463662 -0.141124
1.286699 -0.234169 -0.211986 -0.154515
-1.919665 1.966478 -0.021030 -0.192796
-0.457428 1.478661 -0.036897 0.128487
-0.571036 1.993980 0.109775 -0.002405
1.576107 -2.130423 -0.739791 0.070397
-0.762383 -0.654440 0.644536 -0.205609
0.870502 -3.441253 0.088573 -0.045380
0.456436 -1.087181 0.115275 0.347788
-2.198237 3.084861 0.449692 0.016251
0.823293 -0.297648 -0.286299 -0.133914
1.659880 -0.146430 0.037100 -0.140133
-0.479810 -1.153330 -0.026933 -0.242267
-1.311402 0.996781 0.143424 0.000330
-1.847348 2.248696 0.248561 0.026753
1.392763 -1.917050 -0.452876 0.488711
1.533766 -1.683265 -0.433598 0.335910
-0.319773 -0.852507 0.574788 -0.463922
1.211245 1.196563 0.245590 -0.034322
0.409774 -0.064302 -0.023534 -0.428017
-0.104884 2.088754 -0.050640 0.023414
-1.405207 0.609974 -0.060846 -0.181123
-0.169791 -1.419727 -0.270376 0.038039
-0.515332 -1.777923 0.391230 0.152556
0.138845 -0.397863 0.336374 0.298382
-1.021334 2.907327 0.013657 -0.150363
0.383871 -2.256982 -0.141547 0.087562
-0.691216 1.752676 -0.165288 0.246257
-0.532380 1.216174 -0.205346 0.456559
-0.396469 0.289127 0.093468 -0.269092
0.602391 -1.809805 0.126937 -0.167631
1.447880 -0.313748 0.252296 -0.235906
1.596654 0.721593 -0.191385 0.013334
2.220885 -0.701671 -0.235073 0.156852
-0.453244 -2.085232 0.082743 -0.803478
-0.564672 1.759802 0.052415 0.066059
-0.448675 -2.390606 -0.044062 0.119177
-0.909645 -0.573469 0.249299 0.032679
-1.010468 1.782175 -0.137254 0.371856
-1.827685 3.113267 0.143114 0.233885
0.045354 0.806565 -0.194978 0.047609
1.245178 0.330636 0.132569 -0.300765
-0.978405 1.157771 -0.216047 0.228274
1.121096 -2.828277 -0.073041 -0.153740
-0.937246 1.865311 0.058571 0.138095
1.333064 -3.223195 -0.050662 0.010011
0.374532 1.988622 0.358554 -0.187990
0.214628 0.494481 -0.456279 -0.065942
-0.710348 -0.956682 0.025747 -0.155008
-0.082016 0.047454 -0.044135 0.088477
-0.099585 -1.973031 0.463633 0.182896
-0.054108 -1.367199 0.056351 0.209169
1.379227 -0.172202 0.007485 -0.102637
-0.302850 0.842774 0.010627 -0.044361
-0.642024 1.955524 0.104165 -0.453345
1.444560 -2.041669 -0.053593 0.173434
-0.371796 -0.781531 0.148747 -0.027774
-0.562467 -0.626797 0.151297 0.075445
-1.548116 1.359604 0.185729 -0.170388
0.381592 -0.687279 -0.260038 0.288749
-0.750263 2.987018 0.249065 0.407561
-0.560498 3.218545 0.121313 0.255637
2.002757 -2.543274 -1.002198 -0.587038
-0.016325 0.716028 0.393675 -0.239255
-1.260993 -0.311936 -0.038955 0.065849
0.046039 -0.487127 0.023850 -0.055563
0.875768 -2.264289 0.040676 0.120456
0.972368 -2.422450 -0.030169 0.463614
1.480191 0.217492 1.050199 -0.556755
-0.653586 1.621227 -0.406679 -0.029812
0.185464 -0.300277 0.355058 -0.313937
-1.068405 1.348711 -0.115525 0.219443
2.485513 -0.971942 -0.144199 -0.112548
0.932087 0.511959 -0.186209 0.112347
-1.214381 -0.432473 0.203918 -0.506850
-1.487099 0.436862 -0.242593 0.372977
-0.064158 -1.164256 0.015310 -0.046660
-0.751693 2.772796 0.219901 0.054458
-0.341706 -0.478183 -0.222017 0.237968
0.005043 1.241341 -0.085284 0.001956
2.284846 -1.647907 0.082228 -0.147905
-0.333792 -0.616273 0.264572 -0.068829
-1.676434 -0.636737 0.089689 -0.158362
0.023681 -1.963128 0.117243 0.218223
1.873892 -0.831425 0.259564 0.255321
0.230238 0.098064 -0.185000 -0.064916
0.961105 0.765001 0.167304 -0.486292
-1.555604 1.715965 0.115114 0.041408
0.446275 -2.812758 -0.377114 0.310696
-1.977743 2.865751 0.264358 -0.113287
-1.183341 -1.480906 -0.284827 0.309808
1.274238 -1.664427 0.201498 -0.018493
1.389160 -1.848917 0.117928 0.100183
-1.196487 -1.007410 0.061336 0.034068
-0.593051 0.391972 0.302839 -0.003363
0.891303 2.219305 -0.065290 0.107276
0.465049 1.994378 -0.125915 -0.317250
1.969219 -1.310322 -0.132827 -0.214495
0.302607 0.059332 -0.329038 0.013573
-2.972335 1.801746 0.249114 -0.119764
0.686431 -1.468620 0.122638 0.244317
1.246530 -0.489312 0.093836 -0.197876
-0.251426 2.105157 0.266550 -0.341592
0.840168 -3.764561 -0.056826 -0.127793
-0.898816 -0.310038 -0.078734 0.050805
0.644282 -0.917993 0.129432 0.085843
-1.678427 3.497444 0.057803 -0.040581
-1.257424 0.082989 0.178145 -0.074483
-0.597711 1.710244 -0.266588 0.676430
2.229979 -1.193027 -0.050763 -0.159283
2.219341 -1.104232 -0.159636 -0.072973
-0.277405 -1.055377 -0.313317 0.021910
-1.574508 0.629232 -0.178949 -0.328726
1.083140 -1.352975 0.653006 0.158353
0.614389 -1.597317 0.575979 0.369595
-0.131737 1.520377 0.113330 -0.293375
0.539909 1.789453 -0.219212 -0.187100
0.993486 -1.386695 -0.219112 -0.277630
-1.628529 2.063981 0.200815 -0.011770
-0.915050 0.756727 -0.513002 0.040480
0.703009 -0.730720 0.096164 -0.085761
0.113076 -2.245609 0.081479 0.209179
-0.140998 0.558357 0.286087 -0.002007
-1.918435 2.456019 0.337355 -0.070075
1.078849 -0.482795 -0.500966 0.279280
-0.023603 -0.523850 0.297575 -0.255701
1.804238 -2.128055 0.033107 0.103640
-1.041759 0.952131 0.195885 -0.145594
-0.505014 -2.822257 -0.156611 0.005571
0.887966 -2.782013 -0.329421 0.197419
0.248616 0.602784 0.674700 0.048006
-1.613752 3.248981 0.109551 -0.158832
0.860634 -1.231989 0.231027 -0.118435
0.185281 -0.616170 -0.320091 0.495974
0.365546 0.024614 0.108734 -0.230199
-1.186096 1.978373 0.177206 -0.228071
-0.616214 -0.713182 -0.187444 0.231426
1.065299 2.298523 0.065738 -0.066794
0.169472 -1.106736 -0.541212 -0.010379
0.596851 -1.190640 -0.039345 0.112464
0.326357 1.382206 0.348209 -0.138154
0.736449 2.549212 0.045876 -0.044035
-1.617004 1.888142 -0.341710 -0.363758
1.259564 -1.019514 -0.283870 0.335645
-1.656350 0.844476 0.037495 -0.112137
-0.605423 0.704316 -0.304387 -0.025447
-0.325933 -1.310605 0.028087 0.148545
0.102520 -0.232777 -0.217668 0.294724
0.100536 -2.864040 0.502920 0.008312
-1.169072 0.849186 0.483282 -0.203192
-1.335204 1.046582 0.181818 -0.054360
1.881230 0.050954 -0.264129 -0.047360
0.805865 -2.508269 0.068716 0.004139
0.757524 0.399581 0.324918 0.317049
-1.501732 1.437951 -0.178065 -0.113439
1.524079 -1.214299 0.092177 -0.112995
0.273423 0.887374 -0.069618 0.058982
0.031152 0.660467 0.041086 -0.028328
1.552366 -0.092031 -0.126730 -0.090659
0.594375 1.062836 0.137725 -0.573079
-0.157259 1.541126 0.692179 -0.836060
0.091822 -1.979424 -1.335334 0.675547
-0.440240 -1.998255 -1.122070 0.498372
-0.133008 -2.705358 2.178448 -0.244599
-0.770802 0.599265 0.397980 0.021195
0.128029 -0.546874 0.138925 0.128306
-0.855288 0.827454 0.001064 -0.003525
1.912213 -1.744972 -0.099127 0.260609
0.957435 2.060604 0.064189 -0.224879
2.339333 -0.812682 -0.103146 -0.354218
-2.947062 2.575596 -0.163042 -0.443469
0.176603 -3.613956 -0.235234 0.413115
0.235689 1.972823 0.265134 0.054333
-0.218164 -0.622318 -0.186946 0.293275
0.870455 -2.190693 0.156659 -0.347049
0.620054 -1.207658 0.122384 -0.027886
0.630793 -0.451404 0.086591 -0.010758
-2.234606 2.741904 -0.047287 -0.052822
0.781367 -1.564731 0.070655 0.115337
-0.232796 0.995152 -0.112982 -0.032048
-0.062640 1.057864 -0.119246 0.112690
-1.317997 3.588927 0.140116 0.180678
-1.257229 1.251666 -0.314961 -0.005634
1.112250 -0.013477 -0.182121 -0.171145
0.472113 1.037565 -0.152480 -0.030390
-0.211073 -4.409924 -0.010339 0.124265
0.714188 -1.767220 0.387803 0.247109
-0.848386 1.903606 0.470243 -0.481723
0.600470 -1.480449 0.226694 -0.195830
-0.912010 -1.100455 -0.358875 0.185253
