59010.000000
60484.000000
61990.000000
62396.000000
64435.000000
64942.000000
65745.000000
132164.000000
200499.000000
266643.000000
332949.000000
399336.000000
465954.000000
532421.000000
600250.000000
667227.000000
734793.000000
800737.000000
867167.000000
933606.000000
1000237.000000
1066851.000000
1133342.000000
1201475.000000
1267618.000000
1335036.000000
1400980.000000
1468643.000000
1534686.000000
1601088.000000
1669215.000000
1736311.000000
1803804.000000
1870882.000000
1937891.000000
2003832.000000
2071958.000000
2139485.000000
2206535.000000
2272479.000000
2338877.000000
2405416.000000
2473644.000000
2541191.000000
2607135.000000
2673534.000000
2739979.000000
2808329.000000
2875805.000000
2942852.000000
3008795.000000
3075230.000000
3142925.000000
3209948.000000
3211973.000000
3279453.000000
3345598.000000
3411836.000000
3478219.000000
3544821.000000
3614703.000000
3681735.000000
3748686.000000
3814730.000000
3881083.000000
3947589.000000
4015833.000000
4081980.000000
4149758.000000
4216206.000000
4284414.000000
4351986.000000
4419019.000000
4484960.000000
4551207.000000
4619661.000000
4686615.000000
4753698.000000
4819741.000000
4889209.000000
4956318.000000
5023336.000000
5089280.000000
5157409.000000
5223351.000000
5289806.000000
5357527.000000
5424468.000000
5490614.000000
5556846.000000
5625084.000000
5693144.000000
5759095.000000
5827183.000000
5893237.000000
5961813.000000
6028800.000000
6031764.000000
6097908.000000
6165335.000000
6232402.000000
6299894.000000
6367427.000000
6433576.000000
6501470.000000
6567414.000000
6633800.000000
6701580.000000
6769128.000000
6836663.000000
6902810.000000
6972220.000000
7038164.000000
7104606.000000
7172864.000000
7239868.000000
7307352.000000
7374915.000000
7440861.000000
7507106.000000
7576965.000000
7642911.000000
7710601.000000
7776543.000000
7842893.000000
7909451.000000
7975881.000000
8042352.000000
8110782.000000
8176823.000000
8245868.000000
8312882.000000
8378824.000000
8446965.000000
8514411.000000
8581451.000000
8649010.000000
8651004.000000
8717046.000000
8785092.000000
8852145.000000
8919145.000000
8985289.000000
9054197.000000
9121718.000000
9189240.000000
9256826.000000
9323845.000000
9390897.000000
9459877.000000
9526917.000000
9593177.000000
9660466.000000
9728992.000000
9795136.000000
9861430.000000
9929597.000000
9997165.000000
10063313.000000
10130541.000000
10198755.000000
10264699.000000
10332817.000000
10399865.000000
10467314.000000
10533359.000000
10599696.000000
10667958.000000
10734937.000000
10802461.000000
10870061.000000
10937066.000000
11003212.000000
11070594.000000
11136640.000000
11203086.000000
11271189.000000
11273247.000000
11340241.000000
11407246.000000
11475222.000000
11542304.000000
11608449.000000
11675896.000000
11742043.000000
11809484.000000
11875627.000000
11943402.000000
12009842.000000
12077654.000000
12145145.000000
12211188.000000
12277524.000000
12343987.000000
12412246.000000
12478291.000000
12544540.000000
12612833.000000
12678777.000000
12745150.000000
12812913.000000
12878853.000000
12946527.000000
13012469.000000
13078839.000000
13146658.000000
13213669.000000
13282176.000000
13348121.000000
13416244.000000
13483795.000000
13549738.000000
13617324.000000
13684344.000000
13751885.000000
13818031.000000
13886002.000000
13951947.000000
14020078.000000
14086021.000000
14152348.000000
14218935.000000
14285369.000000
14351820.000000
14355165.000000
14422750.000000
14488904.000000
14556225.000000
14624818.000000
14692760.000000
14760331.000000
14826865.000000
14893400.000000
14959978.000000
15026537.000000
15094486.000000
15161075.000000
15227600.000000
15294136.000000
15360665.000000
15426709.000000
15494285.000000
15560782.000000
15626725.000000
15694320.000000
15760362.000000
15828901.000000
15895425.000000
15961918.000000
16028471.000000
16094974.000000
16161503.000000
16228135.000000
16296080.000000
16362702.000000
16429191.000000
16496163.000000
16562210.000000
16629759.000000
16696300.000000
16762801.000000
16829327.000000
16895959.000000
16962452.000000
17028979.000000
17095565.000000
17162050.000000
17228582.000000
17295111.000000
17361644.000000
17428132.000000
17494659.000000
17560705.000000
17564229.000000
17630275.000000
17696980.000000
17764003.000000
17831817.000000
17898444.000000
17964935.000000
18031464.000000
18097999.000000
18164540.000000
18231074.000000
18297020.000000
18364579.000000
18431184.000000
18497723.000000
18563665.000000
18630382.000000
18698238.000000
18764866.000000
18831361.000000
18897885.000000
18964031.000000
19034466.000000
19100995.000000
19167508.000000
19234016.000000
19300563.000000
19367066.000000
19433621.000000
19500136.000000
19566664.000000
19633197.000000
19699240.000000
19766772.000000
19832815.000000
19901859.000000
19967906.000000
20035380.000000
20101324.000000
20169046.000000
20236059.000000
20302574.000000
20369091.000000
20435579.000000
20501620.000000
20569236.000000
20635181.000000
20701884.000000
20769019.000000
20835993.000000
20905356.000000
20906385.000000
20973822.000000
21039967.000000
21106715.000000
21173753.000000
21241508.000000
21308033.000000
21374621.000000
21441107.000000
21507647.000000
21574167.000000
21640212.000000
21708773.000000
21776709.000000
21843245.000000
21909779.000000
21976309.000000
22042354.000000
22109970.000000
22176462.000000
22242405.000000
22310010.000000
22376512.000000
22443094.000000
22509588.000000
22576206.000000
22642149.000000
22708845.000000
22776714.000000
22843237.000000
22909280.000000
22976820.000000
23042864.000000
23110460.000000
23176403.000000
23243946.000000
23309988.000000
23377518.000000
23444034.000000
23510080.000000
23576915.000000
23644173.000000
23710701.000000
23776747.000000
23843820.000000
23910318.000000
23976855.000000
24043392.000000
24109901.000000
24177410.000000
24243351.000000
24310964.000000
24377008.000000
24444609.000000
24445565.000000
24511512.000000
24578369.000000
24646205.000000
24712691.000000
24779181.000000
24846718.000000
24913245.000000
24979779.000000
25045821.000000
25113309.000000
25179251.000000
25246127.000000
25313238.000000
25380182.000000
25447329.000000
25515073.000000
25581557.000000
25648189.000000
25714676.000000
25780618.000000
25847457.000000
25915261.000000
25981776.000000
26048303.000000
26114821.000000
26181447.000000
26247390.000000
26314921.000000
26381545.000000
26448038.000000
26514524.000000
26581057.000000
26647592.000000
26714218.000000
26781666.000000
26849720.000000
26916209.000000
26982352.000000
27049837.000000
27116366.000000
27183839.000000
27250470.000000
27316953.000000
27383483.000000
27450013.000000
27516058.000000
27582772.000000
27650658.000000
27717191.000000
27783681.000000
27849725.000000
27916423.000000
27918781.000000
27985284.000000
28051805.000000
28118297.000000
28184823.000000
28251450.000000
28317394.000000
28384972.000000
28451456.000000
28517497.000000
28586081.000000
28652023.000000
28719586.000000
28785733.000000
28853201.000000
28919731.000000
28986222.000000
29052265.000000
29119870.000000
29185814.000000
29253348.000000
29319872.000000
29386416.000000
29452463.000000
29520023.000000
29586068.000000
29652812.000000
29720671.000000
29786615.000000
29854143.000000
29920669.000000
29987297.000000
30055232.000000
30121375.000000
30188220.000000
30255831.000000
30321873.000000
30389487.000000
30456476.000000
30523016.000000
30589536.000000
30656061.000000
30722556.000000
30789186.000000
30855128.000000
30922657.000000
30988699.000000
31056321.000000
31123752.000000
31190836.000000
31257369.000000
31324912.000000
31391459.000000
31392418.000000
31458908.000000
31525533.000000
31591477.000000
31659012.000000
31725055.000000
31792669.000000
31859131.000000
31925712.000000
31991656.000000
32059301.000000
32125786.000000
32191829.000000
32259352.000000
32325876.000000
32392371.000000
32458515.000000
32525984.000000
32592507.000000
32660030.000000
32726483.000000
32793143.000000
32859657.000000
32927212.000000
32993155.000000
33059976.000000
33126943.000000
33194835.000000
33261354.000000
33327884.000000
33394402.000000
33460943.000000
33527095.000000
33593497.000000
33661530.000000
33729598.000000
33797575.000000
33865568.000000
33931613.000000
33999149.000000
34065194.000000
34134221.000000
34200775.000000
34268276.000000
34335380.000000
34402350.000000
34469874.000000
34536388.000000
34602964.000000
34603472.000000
34671024.000000
34737536.000000
34803479.000000
34871081.000000
34937129.000000
35004666.000000
35070609.000000
35138212.000000
35204257.000000
35271748.000000
35338273.000000
35404799.000000
35470943.000000
35538467.000000
35604951.000000
35670995.000000
35738519.000000
35805049.000000
35871623.000000
35938527.000000
36005118.000000
36071062.000000
36138668.000000
36205217.000000
36271775.000000
36338268.000000
36405799.000000
36472412.000000
36538867.000000
36605454.000000
36672999.000000
36739337.000000
36806045.000000
36872577.000000
36939104.000000
37005673.000000
37072184.000000
37139737.000000
37207269.000000
37273212.000000
37340778.000000
37407276.000000
37473321.000000
37540848.000000
37607408.000000
37673924.000000
37740438.000000
37806972.000000
37873601.000000
37941127.000000
38009086.000000
38075131.000000
38141870.000000
38144210.000000
38210151.000000
38277729.000000
38344280.000000
38410825.000000
38476767.000000
38543611.000000
38610610.000000
38677679.000000
38745475.000000
38811999.000000
38878549.000000
38945069.000000
39011568.000000
39077611.000000
39145170.000000
39211735.000000
39278272.000000
39346211.000000
39412740.000000
39478781.000000
39545628.000000
39612873.000000
39679172.000000
39746943.000000
39813459.000000
39879974.000000
39947021.000000
40013167.000000
