21803.000000
23354.000000
23866.000000
24788.000000
25295.000000
25702.000000
26827.000000
27743.000000
28761.000000
29775.000000
30787.000000
31702.000000
32717.000000
33736.000000
34749.000000
35762.000000
36776.000000
37690.000000
38706.000000
39724.000000
40738.000000
41749.000000
42667.000000
43682.000000
44700.000000
45718.000000
46730.000000
47646.000000
48661.000000
49678.000000
50691.000000
51706.000000
52722.000000
53638.000000
54652.000000
55665.000000
56684.000000
57701.000000
58616.000000
59630.000000
60645.000000
61659.000000
62676.000000
63689.000000
64605.000000
65621.000000
132169.000000
198718.000000
265270.000000
331716.000000
398269.000000
464821.000000
531472.000000
597919.000000
664470.000000
730918.000000
797472.000000
864022.000000
930576.000000
997126.000000
1063679.000000
1130133.000000
1196684.000000
1263237.000000
1329789.000000
1396339.000000
1462786.000000
1529337.000000
1595887.000000
1662437.000000
1728988.000000
1795538.000000
1861988.000000
1928543.000000
1995100.000000
2061653.000000
2128205.000000
2194658.000000
2261210.000000
2327860.000000
2394312.000000
2460862.000000
2527312.000000
2593868.000000
2660418.000000
2726970.000000
2793519.000000
2860069.000000
2926521.000000
2993071.000000
3059625.000000
3126186.000000
3192642.000000
3259201.000000
3325752.000000
3392301.000000
3458852.000000
3525301.000000
3591851.000000
3658403.000000
3724956.000000
3791509.000000
3857962.000000
3924513.000000
3991062.000000
4057714.000000
4124164.000000
4190718.000000
4257173.000000
4323724.000000
4390276.000000
4391293.000000
4457842.000000
4524291.000000
4590842.000000
4657395.000000
4723946.000000
4790501.000000
4857054.000000
4923502.000000
4990051.000000
5056601.000000
5123153.000000
5189706.000000
5256156.000000
5322708.000000
5389367.000000
5455821.000000
5522370.000000
5588818.000000
5655370.000000
5721920.000000
5788473.000000
5855029.000000
5921479.000000
5988033.000000
6054585.000000
6121134.000000
6187686.000000
6254238.000000
6320690.000000
6387242.000000
6453794.000000
6520345.000000
6586797.000000
6653350.000000
6719905.000000
6786457.000000
6853006.000000
6919559.000000
6986007.000000
7052557.000000
7119108.000000
7185657.000000
7252210.000000
7318763.000000
7385212.000000
7451764.000000
7518321.000000
7584875.000000
7651425.000000
7717873.000000
7784421.000000
7850970.000000
7917519.000000
7984068.000000
8050619.000000
8117070.000000
8183621.000000
8250172.000000
8316725.000000
8383275.000000
8449825.000000
8516276.000000
8582829.000000
8649389.000000
8715940.000000
8716860.000000
8783411.000000
8849957.000000
8916511.000000
8983065.000000
9049617.000000
9116066.000000
9182621.000000
9249169.000000
9315718.000000
9382268.000000
9448723.000000
9515278.000000
9581833.000000
9648387.000000
9714942.000000
9781390.000000
9847941.000000
9914595.000000
9981046.000000
10047595.000000
10114043.000000
10180597.000000
10247148.000000
10313701.000000
10380254.000000
10446710.000000
10513264.000000
10579916.000000
10646366.000000
10712918.000000
10779364.000000
10845915.000000
10912471.000000
10979022.000000
11045575.000000
11112128.000000
11178580.000000
11245128.000000
11311681.000000
11378234.000000
11444784.000000
11511232.000000
11577785.000000
11644335.000000
11710885.000000
11777437.000000
11843991.000000
11910441.000000
11976992.000000
12043542.000000
12110096.000000
12176650.000000
12243100.000000
12309652.000000
12376306.000000
12442758.000000
12509310.000000
12575760.000000
12642307.000000
12708860.000000
12775412.000000
12841962.000000
12908511.000000
12974957.000000
13041511.000000
13042527.000000
13109078.000000
13175630.000000
13242187.000000
13308641.000000
13375193.000000
13441743.000000
13508293.000000
13574745.000000
13641297.000000
13707846.000000
13774396.000000
13840948.000000
13907501.000000
13973953.000000
14040503.000000
14107055.000000
14173608.000000
14240158.000000
14306610.000000
14373163.000000
14439718.000000
14506268.000000
14572816.000000
14639368.000000
14705819.000000
14772370.000000
14838922.000000
14905473.000000
14972023.000000
15038472.000000
15105020.000000
15171570.000000
15238121.000000
15304675.000000
15371228.000000
15437677.000000
15504231.000000
15570783.000000
15637334.000000
15703883.000000
15770333.000000
15836883.000000
15903435.000000
15969987.000000
16036538.000000
16103091.000000
16169541.000000
16236093.000000
16302648.000000
16369196.000000
16435745.000000
16502297.000000
16568748.000000
16635300.000000
16701852.000000
16768405.000000
16835057.000000
16901407.000000
16967958.000000
17034510.000000
17101059.000000
17167612.000000
17234063.000000
17300617.000000
17301631.000000
17368184.000000
17434736.000000
17501186.000000
17567736.000000
17634290.000000
17700840.000000
17767392.000000
17833943.000000
17900394.000000
17966947.000000
18033496.000000
18100048.000000
18166600.000000
18233050.000000
18299601.000000
18366153.000000
18432706.000000
18499258.000000
18565708.000000
18632261.000000
18698814.000000
18765365.000000
18831915.000000
18898364.000000
18964913.000000
19031470.000000
19098021.000000
19164571.000000
19231120.000000
19297570.000000
19364125.000000
19430678.000000
19497227.000000
19563775.000000
19630327.000000
19696789.000000
19763345.000000
19829898.000000
19896450.000000
19962899.000000
20029450.000000
20096001.000000
20162553.000000
20229105.000000
20295654.000000
20362101.000000
20428654.000000
20495307.000000
20561756.000000
20627801.000000
20694266.000000
20760822.000000
20827374.000000
20893927.000000
