54496.000000
54901.000000
56320.000000
58437.000000
59298.000000
61406.000000
61915.000000
62642.000000
64290.000000
64798.000000
66952.000000
135430.000000
201928.000000
268489.000000
334931.000000
402045.000000
468445.000000
534561.000000
601630.000000
668194.000000
734715.000000
800760.000000
868337.000000
935292.000000
1001981.000000
1068701.000000
1135676.000000
1203506.000000
1269548.000000
1337081.000000
1403608.000000
1470146.000000
1536190.000000
1603713.000000
1670242.000000
1736730.000000
1803677.000000
1870388.000000
1936329.000000
2003151.000000
2070242.000000
2138000.000000
2204518.000000
2272081.000000
2340666.000000
2408104.000000
2474151.000000
2540484.000000
2608145.000000
2674600.000000
2742209.000000
2808254.000000
2876317.000000
2943332.000000
3010909.000000
3076952.000000
3144910.000000
3145796.000000
3213065.000000
3279999.000000
3347580.000000
3413971.000000
3481629.000000
3549095.000000
3615140.000000
3683193.000000
3750270.000000
3817297.000000
3883615.000000
3951305.000000
4017247.000000
4083552.000000
4152006.000000
4219492.000000
4286460.000000
4352861.000000
4420010.000000
4486446.000000
4554056.000000
4620098.000000
4687113.000000
4754674.000000
4821098.000000
4888905.000000
4956296.000000
5023306.000000
5090870.000000
5156913.000000
5224949.000000
5291958.000000
5358993.000000
5425987.000000
5493554.000000
5560618.000000
5627630.000000
5695105.000000
5762686.000000
5829657.000000
5897244.000000
5899252.000000
5966270.000000
6033791.000000
6101339.000000
6168323.000000
6235834.000000
6303002.000000
6370433.000000
6437975.000000
6504020.000000
6570847.000000
6638094.000000
6705050.000000
6770993.000000
6838008.000000
6905177.000000
6971586.000000
7038712.000000
7104757.000000
7171667.000000
7238960.000000
7305935.000000
7372960.000000
7440413.000000
7506456.000000
7573969.000000
7641048.000000
7708513.000000
7776120.000000
7843103.000000
7910668.000000
7976713.000000
8045701.000000
8113295.000000
8179338.000000
8245531.000000
8313827.000000
8380984.000000
8449413.000000
8517087.000000
8583932.000000
8649878.000000
8651396.000000
8718532.000000
8784475.000000
8852129.000000
8919104.000000
8985049.000000
9052732.000000
9119681.000000
9186775.000000
9253771.000000
9319721.000000
9387011.000000
9455408.000000
9522380.000000
9588323.000000
9654638.000000
9721904.000000
9789036.000000
9855468.000000
9922707.000000
9990162.000000
10057182.000000
10124708.000000
10191780.000000
10258817.000000
10326257.000000
10392781.000000
10460782.000000
10527888.000000
10595399.000000
10661851.000000
10729084.000000
10796038.000000
10863442.000000
10930041.000000
10995986.000000
11063132.000000
11129073.000000
11196077.000000
11263671.000000
11330780.000000
11397789.000000
11464219.000000
11531385.000000
11598375.000000
11600426.000000
11667398.000000
11734995.000000
11802009.000000
11868972.000000
11936093.000000
12003057.000000
12069996.000000
12136508.000000
12202452.000000
12269574.000000
12337265.000000
12404842.000000
12471819.000000
12539354.000000
12606366.000000
12672308.000000
12739327.000000
12806579.000000
12874032.000000
12941524.000000
13007566.000000
13074455.000000
13142190.000000
13209146.000000
13275560.000000
13341604.000000
13408587.000000
13474531.000000
13540984.000000
13608617.000000
13676437.000000
13743882.000000
13811001.000000
13878043.000000
13944340.000000
14010383.000000
14077434.000000
14145464.000000
14211407.000000
14280066.000000
14347679.000000
14414115.000000
14482093.000000
14548036.000000
14550271.000000
14616314.000000
14684335.000000
14751988.000000
14817930.000000
14886304.000000
14953933.000000
15022049.000000
15089525.000000
15157015.000000
15224076.000000
15290121.000000
15357622.000000
15423564.000000
15493317.000000
15559975.000000
15627381.000000
15694785.000000
15761235.000000
15827739.000000
15894786.000000
15962476.000000
16029935.000000
16096388.000000
16162331.000000
16229451.000000
16295394.000000
16364100.000000
16431194.000000
16498206.000000
16564625.000000
16632264.000000
16700337.000000
16766280.000000
16835439.000000
16902739.000000
16969873.000000
17036330.000000
17103327.000000
17169278.000000
17171989.000000
17239537.000000
17305585.000000
17372457.000000
17439640.000000
17506048.000000
17573178.000000
17640209.000000
17708802.000000
17776338.000000
17843847.000000
17909789.000000
17976132.000000
18044487.000000
18112414.000000
18179505.000000
18246994.000000
18313795.000000
18381110.000000
18447051.000000
18513279.000000
18581770.000000
18648586.000000
18715846.000000
18782811.000000
18849751.000000
18915692.000000
18983822.000000
19049765.000000
19117917.000000
19184321.000000
19252014.000000
19319024.000000
19386012.000000
19454027.000000
19521098.000000
19587513.000000
19655140.000000
19722745.000000
19789703.000000
19855651.000000
19858760.000000
19926275.000000
19993421.000000
20059363.000000
20127502.000000
20194777.000000
20261923.000000
20329009.000000
20396494.000000
20462437.000000
20529448.000000
20597724.000000
20664636.000000
20731683.000000
20798746.000000
20865751.000000
20933250.000000
20999195.000000
21066803.000000
21134379.000000
21201441.000000
21268930.000000
21335948.000000
21401990.000000
21469497.000000
21536571.000000
21603630.000000
21670567.000000
21738186.000000
21805686.000000
21872181.000000
21938723.000000
22004779.000000
22072869.000000
22139783.000000
22208861.000000
22275860.000000
22342885.000000
22409921.000000
22476955.000000
22543985.000000
22545491.000000
22612518.000000
22679959.000000
22747091.000000
22814122.000000
22881140.000000
22948172.000000
23015228.000000
23082256.000000
23149277.000000
23216679.000000
23284382.000000
23351419.000000
23418462.000000
23485871.000000
23552993.000000
23621516.000000
23688569.000000
23755517.000000
23822060.000000
23888003.000000
23956262.000000
24022545.000000
24089081.000000
24155584.000000
24221627.000000
24289825.000000
24356226.000000
24422170.000000
24489345.000000
24557362.000000
24624456.000000
24692006.000000
24758409.000000
24824351.000000
24891557.000000
24957497.000000
25025679.000000
25092158.000000
25158103.000000
25226274.000000
25292761.000000
25359184.000000
25425126.000000
25492283.000000
25494394.000000
25560886.000000
25628457.000000
25694946.000000
25762512.000000
25830048.000000
25896537.000000
25962973.000000
26030645.000000
26097136.000000
26163561.000000
26230096.000000
26298082.000000
26364663.000000
26430705.000000
26497756.000000
26563698.000000
26631942.000000
26698335.000000
26765464.000000
26833050.000000
26900054.000000
26966098.000000
27032996.000000
27099039.000000
27166026.000000
27232068.000000
27299190.000000
27366790.000000
27433289.000000
27500842.000000
27567345.000000
27633778.000000
27699721.000000
27768038.000000
27834081.000000
27902104.000000
27968146.000000
28034943.000000
28100987.000000
28168109.000000
28235703.000000
28302200.000000
28368145.000000
28435189.000000
28501135.000000
28568258.000000
28634203.000000
28700716.000000
28767921.000000
28833865.000000
28900925.000000
28966867.000000
28969575.000000
29037100.000000
29103583.000000
29170013.000000
29237697.000000
29304187.000000
29371762.000000
29438155.000000
29506271.000000
29572213.000000
29639268.000000
29705214.000000
29773452.000000
29839852.000000
29905897.000000
29974445.000000
30042131.000000
30108173.000000
30176190.000000
30242234.000000
30310255.000000
30376297.000000
30443095.000000
30510854.000000
30576896.000000
30644914.000000
30711308.000000
30777250.000000
30844292.000000
30911449.000000
30979010.000000
31048010.000000
31114447.000000
31180490.000000
31247477.000000
31313419.000000
31379964.000000
31446536.000000
31514107.000000
31580149.000000
31647175.000000
31713220.000000
31781393.000000
31848936.000000
31850925.000000
31917326.000000
31983909.000000
32049850.000000
32116895.000000
32184634.000000
32250677.000000
32318714.000000
32384656.000000
32452717.000000
32520260.000000
32586633.000000
32653271.000000
32719711.000000
32786235.000000
32852774.000000
32919299.000000
32985247.000000
33053842.000000
33121592.000000
33187990.000000
33255724.000000
33321665.000000
33387951.000000
33456207.000000
33523260.000000
33590261.000000
33656304.000000
33722553.000000
33789082.000000
33857382.000000
33925305.000000
33992519.000000
34058465.000000
34126575.000000
34193429.000000
34260545.000000
34328141.000000
34395116.000000
34461061.000000
34527377.000000
34595778.000000
34662801.000000
34728845.000000
34795153.000000
34862199.000000
34929949.000000
34931942.000000
34997984.000000
35065969.000000
35132013.000000
35199559.000000
35267101.000000
35334633.000000
35400679.000000
35468154.000000
35534556.000000
35601683.000000
35668119.000000
35735826.000000
35803335.000000
35872338.000000
35939859.000000
36006270.000000
36072211.000000
36140448.000000
36206865.000000
36272911.000000
36341041.000000
36408579.000000
36476111.000000
36543700.000000
36609741.000000
36677760.000000
36743803.000000
36810603.000000
36876645.000000
36944885.000000
37010928.000000
37077766.000000
37145412.000000
37211835.000000
37279535.000000
37345577.000000
37412394.000000
37478436.000000
37545559.000000
37611502.000000
37677971.000000
37745192.000000
37812751.000000
37879167.000000
37881336.000000
37947380.000000
38015400.000000
38081345.000000
38149938.000000
38215880.000000
38283981.000000
38350374.000000
38416419.000000
38482900.000000
38550070.000000
38617616.000000
38684046.000000
38750092.000000
38817067.000000
38883010.000000
38950263.000000
39016692.000000
39082635.000000
39150918.000000
39218883.000000
39284827.000000
39351877.000000
39417821.000000
39484341.000000
39551551.000000
39617497.000000
39683940.000000
39751055.000000
39818766.000000
39886298.000000
39952340.000000
40019150.000000
40085193.000000
40152220.000000
40218265.000000
40286846.000000
40352888.000000
40419844.000000
40485787.000000
40554057.000000
40621603.000000
40689128.000000
40755546.000000
40823255.000000
40890291.000000
40956335.000000
41024283.000000
41026260.000000
41093842.000000
41161351.000000
41227397.000000
41295396.000000
41361440.000000
41429981.000000
41496024.000000
41562259.000000
41628845.000000
41696673.000000
41764761.000000
41835282.000000
41906711.000000
41973704.000000
42040780.000000
42108206.000000
42175269.000000
42242883.000000
42309836.000000
42377459.000000
42443964.000000
42511515.000000
42578044.000000
42644546.000000
42711078.000000
42777604.000000
42844136.000000
42911083.000000
42978677.000000
43044718.000000
43113285.000000
43179826.000000
43247796.000000
43315327.000000
43381869.000000
43447913.000000
43515413.000000
43516424.000000
43582962.000000
43648905.000000
43716555.000000
43783117.000000
43851100.000000
43918615.000000
43985177.000000
44051742.000000
44119223.000000
44185698.000000
44252335.000000
44318277.000000
44385007.000000
44452855.000000
44519406.000000
44585449.000000
44653946.000000
44720523.000000
44787015.000000
44853562.000000
44920090.000000
44986630.000000
45053191.000000
45119654.000000
45185699.000000
45254897.000000
45322329.000000
45388881.000000
45455376.000000
45522871.000000
45589409.000000
45656341.000000
45722867.000000
45788910.000000
45856595.000000
45923119.000000
45989640.000000
46056219.000000
46123310.000000
46191236.000000
46257634.000000
46325177.000000
46392311.000000
46458835.000000
46525941.000000
46593450.000000
46659392.000000
46662167.000000
46729370.000000
46796962.000000
46862904.000000
46933020.000000
46999577.000000
47066682.000000
47134642.000000
47202562.000000
47270181.000000
47337758.000000
47404813.000000
47471357.000000
47537862.000000
47604906.000000
47671289.000000
47737238.000000
47806029.000000
47872494.000000
47938994.000000
48005563.000000
48071609.000000
48138521.000000
48205650.000000
48272936.000000
48340636.000000
48407301.000000
48473803.000000
48541314.000000
48607855.000000
48674346.000000
48740892.000000
48806937.000000
48875438.000000
48942005.000000
49009511.000000
49076046.000000
49142587.000000
49209107.000000
49275634.000000
49342170.000000
49408703.000000
49475225.000000
49542179.000000
49608121.000000
49675025.000000
49677343.000000
49743823.000000
49810289.000000
49877003.000000
49943480.000000
50010028.000000
50077522.000000
50144074.000000
50210596.000000
50277115.000000
50343159.000000
50412325.000000
50478846.000000
50546325.000000
50613917.000000
50681359.000000
50747918.000000
50814459.000000
50880970.000000
50948493.000000
51015055.000000
51081581.000000
51149040.000000
51215615.000000
51283107.000000
51349150.000000
51416662.000000
51483254.000000
51550713.000000
51617261.000000
51683804.000000
51749846.000000
51818340.000000
51885298.000000
51951915.000000
52017959.000000
52086559.000000
52153057.000000
52220732.000000
52288152.000000
52354095.000000
52420922.000000
52489656.000000
52556611.000000
52623236.000000
52689178.000000
52691285.000000
52757813.000000
52824329.000000
52890857.000000
52956901.000000
53025065.000000
53092596.000000
53158803.000000
53225295.000000
53293635.000000
53361094.000000
53427608.000000
53494175.000000
53560697.000000
53627222.000000
53693165.000000
53760781.000000
53827307.000000
53893857.000000
53960397.000000
54026908.000000
54093431.000000
54159972.000000
54226914.000000
54294579.000000
54361143.000000
54427699.000000
54494177.000000
54560726.000000
54627298.000000
54693781.000000
54760341.000000
54826874.000000
54894374.000000
54960863.000000
55028408.000000
55094964.000000
55160907.000000
55228435.000000
55295104.000000
55361615.000000
55428640.000000
55495247.000000
55561092.000000
55628714.000000
55695265.000000
55762747.000000
55829421.000000
55895757.000000
55961704.000000
56028564.000000
56096403.000000
56162945.000000
56229481.000000
56229888.000000
56297524.000000
56364040.000000
56429982.000000
56496790.000000
56564653.000000
56631304.000000
56698783.000000
56765252.000000
56831296.000000
56898793.000000
56965389.000000
57031968.000000
57099942.000000
57166492.000000
57233029.000000
57301018.000000
57367592.000000
57435070.000000
57501117.000000
57568656.000000
57636137.000000
57702181.000000
57769776.000000
57837226.000000
57903778.000000
57970302.000000
58036940.000000
58103872.000000
58171864.000000
58238477.000000
58305484.000000
58372549.000000
58440065.000000
58506006.000000
58572769.000000
58640638.000000
58707224.000000
58774702.000000
58840748.000000
58908319.000000
58974856.000000
59042449.000000
59108833.000000
59175449.000000
59241986.000000
59308301.000000
59375054.000000
59376061.000000
59442527.000000
59510115.000000
59576622.000000
59643150.000000
59710718.000000
59777226.000000
59844202.000000
59910762.000000
59977309.000000
60043832.000000
60110328.000000
60177933.000000
60243988.000000
60311426.000000
60377911.000000
60445508.000000
60513103.000000
60580525.000000
60647065.000000
60715160.000000
60781212.000000
60848221.000000
60914800.000000
60982309.000000
61048851.000000
61115291.000000
61181864.000000
61247805.000000
61315422.000000
61381990.000000
61448490.000000
61515129.000000
61581647.000000
61648195.000000
61714656.000000
61781136.000000
61847681.000000
61913623.000000
61981278.000000
62047829.000000
62114316.000000
62180685.000000
62248348.000000
62316448.000000
62383918.000000
62450489.000000
62517513.000000
62584508.000000
62650547.000000
62716870.000000
62719569.000000
62786125.000000
62852709.000000
62919157.000000
62985195.000000
63053229.000000
63119715.000000
63187322.000000
63254304.000000
63321872.000000
63389627.000000
63456231.000000
63523752.000000
63591828.000000
63659946.000000
63726270.000000
63792914.000000
63859429.000000
63925968.000000
63992009.000000
64059531.000000
64126060.000000
64192592.000000
64259116.000000
64325656.000000
64392182.000000
64459658.000000
64526318.000000
64593764.000000
64661245.000000
64727804.000000
64794448.000000
64860865.000000
64927421.000000
64993989.000000
65060552.000000
65127092.000000
65193525.000000
65260065.000000
65326711.000000
65393126.000000
65459777.000000
65526191.000000
65592134.000000
65659789.000000
65726342.000000
65792871.000000
65859409.000000
65925929.000000
65992460.000000
66058998.000000
66060936.000000
66126879.000000
66196076.000000
66262596.000000
66329121.000000
66395655.000000
66462184.000000
66528724.000000
66595260.000000
66661787.000000
66729238.000000
66797358.000000
66863896.000000
66930421.000000
66996949.000000
67064423.000000
67130956.000000
67197507.000000
67265007.000000
67331580.000000
67398132.000000
67465604.000000
67532158.000000
67598688.000000
67664632.000000
67732285.000000
67799754.000000
67866325.000000
67932852.000000
67999491.000000
68065897.000000
68132557.000000
68198965.000000
68264907.000000
68332567.000000
68399126.000000
68465566.000000
68531509.000000
68599203.000000
68665748.000000
68732188.000000
68798790.000000
68865360.000000
68931902.000000
68999917.000000
69066424.000000
69132934.000000
69199466.000000
69265510.000000
69333002.000000
69399678.000000
69467658.000000
69468638.000000
69535159.000000
69601693.000000
69668725.000000
69735269.000000
69802738.000000
69868680.000000
69936350.000000
70002882.000000
70070436.000000
70137887.000000
70204891.000000
70271586.000000
70339049.000000
70405597.000000
70472087.000000
70538665.000000
70605250.000000
70671669.000000
70738206.000000
70804147.000000
70871798.000000
70938346.000000
71005798.000000
71072370.000000
71139007.000000
71206457.000000
71273495.000000
71340036.000000
71407508.000000
71474060.000000
71542241.000000
71608661.000000
71675234.000000
71742706.000000
71810194.000000
71876135.000000
71942952.000000
72010829.000000
72077288.000000
72143874.000000
72211862.000000
72278458.000000
72345000.000000
72411544.000000
72479014.000000
72545564.000000
72611608.000000
72679102.000000
72679509.000000
72746339.000000
72813371.000000
72882710.000000
72949266.000000
73015833.000000
73083861.000000
73150386.000000
73216920.000000
73284900.000000
73350941.000000
73418444.000000
73484385.000000
73551207.000000
73618249.000000
73686124.000000
73752680.000000
73819209.000000
73885681.000000
73952278.000000
74018805.000000
74085336.000000
74151870.000000
74219343.000000
74285893.000000
74352453.000000
74419006.000000
74485537.000000
74552068.000000
74618603.000000
74685130.000000
74751654.000000
74818195.000000
74884733.000000
74951161.000000
75017106.000000
75084811.000000
75152301.000000
75218241.000000
75286334.000000
75353942.000000
75421423.000000
75487985.000000
75554549.000000
75622023.000000
75688679.000000
75755204.000000
75821726.000000
75888268.000000
75954686.000000
76020631.000000
76022752.000000
76090250.000000
76156811.000000
76224335.000000
76290881.000000
76357416.000000
76423963.000000
76490403.000000
76556984.000000
76625057.000000
76691589.000000
76758133.000000
76824179.000000
76891172.000000
76957713.000000
77024243.000000
77091802.000000
77158334.000000
77225795.000000
77291840.000000
77358606.000000
77425611.000000
77493403.000000
77559956.000000
77626489.000000
77693040.000000
77759456.000000
77827077.000000
77893628.000000
77960113.000000
78026677.000000
78093220.000000
78161220.000000
78229258.000000
78297357.000000
78363891.000000
78431363.000000
78498015.000000
78564425.000000
78630978.000000
78697500.000000
78764038.000000
78830627.000000
78897131.000000
78963669.000000
79030196.000000
79096745.000000
79163262.000000
79229812.000000
79296346.000000
79362865.000000
79364808.000000
79431359.000000
79497403.000000
79564171.000000
79631934.000000
79697875.000000
79764707.000000
79832584.000000
79899143.000000
79965595.000000
80032260.000000
80098794.000000
80166247.000000
80232798.000000
80299333.000000
80365862.000000
80433842.000000
80500489.000000
80567949.000000
80634486.000000
80701952.000000
80767894.000000
80834732.000000
80902596.000000
80969152.000000
81036602.000000
81103167.000000
81169109.000000
81236759.000000
81303311.000000
81369845.000000
81436370.000000
81502902.000000
81569348.000000
81635922.000000
81702571.000000
81770019.000000
81836569.000000
81903100.000000
81969634.000000
82036175.000000
82102712.000000
82169346.000000
82235754.000000
82302358.000000
82368781.000000
82435332.000000
82501899.000000
82569346.000000
82636972.000000
82704477.000000
82770930.000000
82772084.000000
82838612.000000
82906071.000000
82973565.000000
83040115.000000
83106676.000000
83173207.000000
83240672.000000
83307340.000000
83373862.000000
83440297.000000
83506871.000000
83574325.000000
83640890.000000
83707534.000000
83773935.000000
83840489.000000
83907573.000000
83975034.000000
84040977.000000
84107803.000000
84175669.000000
84242232.000000
84309747.000000
84376289.000000
84443755.000000
84509696.000000
84577221.000000
84643983.000000
84711426.000000
84777970.000000
84844510.000000
84912038.000000
84979493.000000
85046095.000000
85113564.000000
85180142.000000
85246702.000000
85313234.000000
85379766.000000
85446300.000000
85513759.000000
85580330.000000
85646899.000000
85713428.000000
85779975.000000
85846553.000000
85913083.000000
85979607.000000
86047073.000000
86113624.000000
86114614.000000
86181151.000000
86247685.000000
86314210.000000
86380754.000000
86447273.000000
86514750.000000
86581416.000000
86647927.000000
86714358.000000
86780904.000000
86847434.000000
86914079.000000
86980497.000000
87047148.000000
87113480.000000
87180104.000000
87246640.000000
87314153.000000
87380094.000000
87446910.000000
87513948.000000
87583348.000000
87649290.000000
87716829.000000
87783390.000000
87849949.000000
87916489.000000
87983029.000000
88050486.000000
88117043.000000
88183575.000000
88250109.000000
88316663.000000
88383222.000000
88449661.000000
88516251.000000
88582815.000000
88650284.000000
88716948.000000
88783461.000000
88850007.000000
88917463.000000
88984010.000000
89050549.000000
89116985.000000
89183565.000000
89250104.000000
89316635.000000
89383165.000000
89449702.000000
89516234.000000
89582750.000000
89650266.000000
89716853.000000
89783403.000000
89849715.000000
89850893.000000
89917428.000000
89984000.000000
90050531.000000
90118000.000000
90184558.000000
90251121.000000
90318598.000000
90385152.000000
90452658.000000
90519214.000000
90585733.000000
90652271.000000
90718815.000000
90785451.000000
90851860.000000
90918400.000000
90984942.000000
91051473.000000
91117413.000000
91184218.000000
91252093.000000
91319582.000000
91386139.000000
91452080.000000
91519721.000000
91586272.000000
91652804.000000
91719350.000000
91785884.000000
91853343.000000
91919899.000000
91985841.000000
92054434.000000
92120991.000000
92187539.000000
92254094.000000
92320629.000000
92387162.000000
92453693.000000
92520226.000000
92587680.000000
92654248.000000
92722650.000000
92790850.000000
92857381.000000
92923910.000000
92991391.000000
93058914.000000
93124855.000000
93128489.000000
93195015.000000
93261546.000000
93329536.000000
93396068.000000
93462639.000000
93529229.000000
93595658.000000
93662201.000000
93728854.000000
93796301.000000
93862850.000000
93929393.000000
93995919.000000
94063393.000000
94129334.000000
94196995.000000
94263535.000000
94330189.000000
94396487.000000
94463213.000000
94529630.000000
94596180.000000
94662748.000000
94729287.000000
94795815.000000
94863285.000000
94929938.000000
94996468.000000
95063002.000000
95130461.000000
95196910.000000
95263602.000000
95330127.000000
95397565.000000
95464127.000000
95530571.000000
95597146.000000
95663694.000000
95730258.000000
95796789.000000
95863326.000000
95930309.000000
95996848.000000
96063933.000000
96131390.000000
96197949.000000
96263890.000000
96331538.000000
96399031.000000
96464971.000000
96532629.000000
96534578.000000
96602108.000000
96668668.000000
96735235.000000
96802702.000000
96868642.000000
96935464.000000
97003343.000000
97071342.000000
97137893.000000
97205377.000000
97272052.000000
97338572.000000
97405007.000000
97471551.000000
97538121.000000
97605581.000000
97672252.000000
97738667.000000
97804608.000000
97871422.000000
97939286.000000
98005852.000000
98072381.000000
98139842.000000
98206398.000000
98272924.000000
98338863.000000
98406521.000000
98473074.000000
98539387.000000
98606102.000000
98672644.000000
98739207.000000
98806676.000000
98873236.000000
98939801.000000
99006333.000000
99073811.000000
99140465.000000
99206996.000000
99273519.000000
99339944.000000
99406594.000000
99473027.000000
99539473.000000
99606140.000000
99674112.000000
99740663.000000
99808783.000000
99875316.000000
99941829.000000
99942822.000000
100009364.000000
100076829.000000
100143374.000000
100209901.000000
100276444.000000
100342972.000000
100409506.000000
100476027.000000
100543494.000000
100610045.000000
100678137.000000
100744653.000000
100812118.000000
100878671.000000
100945208.000000
101011246.000000
101080289.000000
101146850.000000
101213379.000000
101279909.000000
101346443.000000
101412980.000000
101479495.000000
101546977.000000
101613525.000000
101680062.000000
101746102.000000
101813680.000000
101880203.000000
101946730.000000
102013263.000000
102079787.000000
102147346.000000
102215308.000000
102281812.000000
102348382.000000
102416462.000000
102482985.000000
102549513.000000
102616053.000000
102682585.000000
102749121.000000
102815664.000000
102883197.000000
102949710.000000
103016249.000000
103082781.000000
103150241.000000
103216282.000000
103283885.000000
103284877.000000
103351404.000000
103418866.000000
103485427.000000
103551367.000000
103618994.000000
103685521.000000
103752041.000000
103818577.000000
103884623.000000
103952198.000000
104018735.000000
104085256.000000
104152810.000000
104219337.000000
104285855.000000
104352403.000000
104418924.000000
104486409.000000
104552936.000000
104619476.000000
104686003.000000
104752536.000000
104819074.000000
104885603.000000
104952150.000000
105018674.000000
105085201.000000
105151731.000000
105218269.000000
105284797.000000
105351359.000000
105417833.000000
105484412.000000
105550943.000000
105617498.000000
105685505.000000
105753085.000000
105819629.000000
105886209.000000
105953667.000000
106021147.000000
106087088.000000
106154757.000000
106221311.000000
106288773.000000
106354814.000000
106422324.000000
106489867.000000
106556422.000000
106622966.000000
106690464.000000
106756505.000000
106758485.000000
106825043.000000
106891592.000000
106959084.000000
107025657.000000
107092223.000000
107158753.000000
107225287.000000
107291815.000000
107359786.000000
107426336.000000
107492874.000000
107558915.000000
107628959.000000
107695500.000000
107762064.000000
107829534.000000
107896107.000000
107962531.000000
108029102.000000
108095635.000000
108162240.000000
108228767.000000
108295287.000000
108361829.000000
108428364.000000
108495830.000000
108562401.000000
108628957.000000
108696435.000000
108762986.000000
108829555.000000
108896109.000000
108963606.000000
109031080.000000
109097662.000000
109165137.000000
109231692.000000
109297735.000000
109365231.000000
109431909.000000
109499871.000000
109566402.000000
109632931.000000
109699465.000000
109766002.000000
109832529.000000
109899065.000000
109965601.000000
110032133.000000
110099607.000000
110100632.000000
110167193.000000
110233730.000000
110300262.000000
110366818.000000
110433384.000000
110500341.000000
110566884.000000
110633424.000000
110700875.000000
110767453.000000
110834024.000000
110900540.000000
110968525.000000
111035175.000000
111101691.000000
111168224.000000
111235687.000000
111302240.000000
111368774.000000
111435316.000000
111503289.000000
111569929.000000
111637374.000000
111704859.000000
111770803.000000
111838469.000000
111904930.000000
111971516.000000
112038074.000000
112104638.000000
112172101.000000
112238642.000000
112305182.000000
112371815.000000
112438337.000000
112504765.000000
112571309.000000
112637834.000000
112703773.000000
112771435.000000
112837986.000000
112905954.000000
112973052.000000
113038993.000000
113105746.000000
113173621.000000
113240189.000000
113306712.000000
113372652.000000
113439736.000000
113506302.000000
113572343.000000
113575751.000000
113642334.000000
113708893.000000
113775429.000000
113841950.000000
113908497.000000
113975024.000000
114041560.000000
114108095.000000
114174629.000000
114241161.000000
114307691.000000
114375152.000000
114441731.000000
114508292.000000
114574822.000000
114641353.000000
114707891.000000
114775358.000000
114841916.000000
114908488.000000
114975020.000000
115042534.000000
115109098.000000
115175571.000000
115242146.000000
115308684.000000
115376148.000000
115442088.000000
115509755.000000
115576324.000000
115642889.000000
115710342.000000
115776901.000000
115843433.000000
115909967.000000
115976492.000000
116043033.000000
116109565.000000
116176097.000000
116243578.000000
116310136.000000
116377669.000000
116444206.000000
116511670.000000
116578244.000000
116644286.000000
116711730.000000
116778331.000000
116844373.000000
116911871.000000
116978423.000000
117044469.000000
117111972.000000
117112979.000000
117178920.000000
117245732.000000
117313621.000000
117380166.000000
117446704.000000
117514245.000000
117580748.000000
117648310.000000
117714827.000000
117781260.000000
117847839.000000
117913883.000000
117981386.000000
118047946.000000
118114594.000000
118182548.000000
118249077.000000
118316632.000000
118383146.000000
118449676.000000
118516208.000000
118582746.000000
118649268.000000
118715803.000000
118783266.000000
118849820.000000
118916350.000000
118982891.000000
119048933.000000
119116505.000000
119184477.000000
119250518.000000
119318106.000000
119384609.000000
119451147.000000
119517690.000000
119584217.000000
119650727.000000
119717238.000000
119783796.000000
119849839.000000
119918401.000000
119984936.000000
120051469.000000
120118052.000000
120184584.000000
120251118.000000
120317650.000000
120385114.000000
120452599.000000
120520686.000000
120522624.000000
120589276.000000
120655783.000000
120723250.000000
120789805.000000
120856244.000000
120922829.000000
120988771.000000
121056415.000000
121123455.000000
121189998.000000
121257467.000000
121323509.000000
121390278.000000
121458053.000000
121524629.000000
121592149.000000
121658789.000000
121725203.000000
121791743.000000
121857682.000000
121925333.000000
121993324.000000
122059974.000000
122127418.000000
122193983.000000
122260502.000000
122327046.000000
122394513.000000
122461067.000000
122527613.000000
122595112.000000
122661687.000000
122729189.000000
122795836.000000
122862363.000000
122928809.000000
122996367.000000
123063845.000000
123130396.000000
123196985.000000
123263361.000000
123330957.000000
123398460.000000
123465047.000000
123531616.000000
123599087.000000
123665638.000000
123666659.000000
123733210.000000
123799754.000000
123866283.000000
123934261.000000
124000303.000000
124066502.000000
124134385.000000
124201357.000000
124269385.000000
124335953.000000
124401893.000000
124469539.000000
124536109.000000
124603566.000000
124670131.000000
124736602.000000
124803201.000000
124869662.000000
124937252.000000
125003684.000000
125071345.000000
125138833.000000
125204775.000000
125272426.000000
125339911.000000
125406565.000000
125473008.000000
125540498.000000
125607062.000000
125673701.000000
125740113.000000
125806057.000000
125873713.000000
125941202.000000
126007860.000000
126075308.000000
126141765.000000
126208348.000000
126274290.000000
126341934.000000
126408488.000000
126475958.000000
126542513.000000
126609043.000000
126677027.000000
126743599.000000
126809541.000000
126877186.000000
126878208.000000
126944740.000000
127011275.000000
127078748.000000
127144687.000000
127212349.000000
127279849.000000
127346382.000000
127412927.000000
127479490.000000
127546029.000000
127612535.000000
127679138.000000
127745678.000000
127813142.000000
127879691.000000
127947149.000000
128013092.000000
128080732.000000
128147229.000000
128213918.000000
128281373.000000
128347923.000000
128414450.000000
128481924.000000
128548491.000000
128614954.000000
128681536.000000
128748080.000000
128814124.000000
128882127.000000
128948688.000000
129016186.000000
129082787.000000
129149366.000000
129215775.000000
129282361.000000
129350374.000000
129417426.000000
129483962.000000
129551436.000000
129617377.000000
129684291.000000
129753595.000000
129820018.000000
129887657.000000
129954179.000000
130020723.000000
130087263.000000
130153610.000000
130155718.000000
130222284.000000
130290297.000000
130356772.000000
130422714.000000
130490411.000000
130557914.000000
130624563.000000
130691007.000000
130757446.000000
130824152.000000
130890684.000000
130957221.000000
131023754.000000
131090204.000000
131158231.000000
131224787.000000
131291319.000000
131357854.000000
131425324.000000
131491876.000000
131557817.000000
131625459.000000
131691923.000000
131759488.000000
131826077.000000
131892643.000000
131959196.000000
132025729.000000
132092260.000000
132158799.000000
132226268.000000
132292811.000000
132359334.000000
132425860.000000
132492401.000000
132558940.000000
132625477.000000
132691952.000000
132758517.000000
132825086.000000
132891612.000000
132959130.000000
133026601.000000
133093162.000000
133160671.000000
133227234.000000
133296261.000000
133362821.000000
133429308.000000
133431344.000000
133497878.000000
133564320.000000
133630913.000000
133697475.000000
133764009.000000
133831486.000000
133897429.000000
133965086.000000
134032568.000000
134100157.000000
134166699.000000
134233230.000000
134299761.000000
134366297.000000
134432776.000000
134499399.000000
134565948.000000
134632418.000000
134699023.000000
134767100.000000
134833322.000000
134899268.000000
134967068.000000
135034562.000000
135101215.000000
135168666.000000
135235209.000000
135301766.000000
135369254.000000
135435816.000000
135503789.000000
135569731.000000
135637410.000000
135704884.000000
135771436.000000
135838942.000000
135906533.000000
135972472.000000
136040071.000000
136106627.000000
136174097.000000
136240041.000000
136308646.000000
136375232.000000
136441701.000000
136508288.000000
136574875.000000
136642300.000000
136643339.000000
136709918.000000
136776447.000000
136843914.000000
136910476.000000
136977144.000000
137043571.000000
137111099.000000
137177560.000000
137245166.000000
137311620.000000
137378206.000000
137444774.000000
137512295.000000
137579808.000000
137647307.000000
137713880.000000
137780267.000000
137848453.000000
137914980.000000
137982460.000000
138049022.000000
138116520.000000
138183083.000000
138249545.000000
138316236.000000
138382767.000000
138450729.000000
138518201.000000
138584762.000000
138651235.000000
138717179.000000
138784861.000000
138852366.000000
138918410.000000
138985930.000000
139052504.000000
139119069.000000
139185602.000000
139252134.000000
139318665.000000
139385115.000000
139451697.000000
139518278.000000
139584851.000000
139651387.000000
139718860.000000
139786328.000000
139852992.000000
139853874.000000
139919815.000000
139987471.000000
140053905.000000
140120475.000000
140187058.000000
140253643.000000
140320212.000000
140386671.000000
140453165.000000
140519764.000000
140586282.000000
140652735.000000
140719324.000000
140787351.000000
140854849.000000
140921411.000000
140988922.000000
141055563.000000
141123027.000000
141190503.000000
141257082.000000
141323653.000000
141391150.000000
141457706.000000
141524138.000000
141590740.000000
141657236.000000
141723835.000000
141790365.000000
141856900.000000
141923373.000000
141990964.000000
142057517.000000
142124079.000000
142191973.000000
142258551.000000
142326058.000000
142392001.000000
142459686.000000
142526034.000000
142592715.000000
142660229.000000
142726774.000000
142793250.000000
142859834.000000
142927328.000000
142993896.000000
143060437.000000
143127008.000000
143193652.000000
143260075.000000
143326558.000000
143327662.000000
143395134.000000
143461525.000000
143528159.000000
143594728.000000
143661179.000000
143727767.000000
143794234.000000
143860177.000000
143928888.000000
143995404.000000
144061951.000000
144128487.000000
144195130.000000
144261454.000000
144327396.000000
144394244.000000
144461276.000000
144529134.000000
144595693.000000
144663694.000000
144730233.000000
144796758.000000
144863305.000000
144929990.000000
144996293.000000
145063004.000000
145129423.000000
145195966.000000
145262500.000000
145330013.000000
145397606.000000
145464046.000000
145530726.000000
145597164.000000
145663731.000000
145730277.000000
145796844.000000
145863298.000000
145929777.000000
145996362.000000
146062922.000000
146130396.000000
146197044.000000
146264584.000000
146331971.000000
146398573.000000
146465872.000000
146531816.000000
146598409.000000
146664992.000000
146731400.000000
146798695.000000
146865290.000000
146867248.000000
146933808.000000
147001315.000000
147067255.000000
147134994.000000
147201411.000000
147267965.000000
147334450.000000
147401032.000000
147467601.000000
147534127.000000
147600664.000000
147667104.000000
147733146.000000
147800734.000000
147867341.000000
147934835.000000
148002325.000000
148069811.000000
148137436.000000
148203970.000000
148271463.000000
148338038.000000
148404576.000000
148471156.000000
148537684.000000
148604115.000000
148670665.000000
148737252.000000
148804758.000000
148871302.000000
148937882.000000
149005264.000000
149071855.000000
149138316.000000
149204359.000000
149272992.000000
149339554.000000
149406109.000000
149472537.000000
149539093.000000
149605655.000000
149672194.000000
149738619.000000
149805214.000000
149871693.000000
149938283.000000
150004852.000000
150071388.000000
150137923.000000
150205503.000000
150272972.000000
150274915.000000
150341476.000000
150408040.000000
150474572.000000
150540940.000000
150608056.000000
150674626.000000
150741200.000000
150807470.000000
150874222.000000
150941727.000000
151008306.000000
151075801.000000
151143794.000000
151210394.000000
151276959.000000
151344421.000000
151410462.000000
151480505.000000
151547085.000000
151614599.000000
151682189.000000
151748519.000000
151816195.000000
151882723.000000
151949261.000000
152015847.000000
152082271.000000
152148809.000000
152216398.000000
152282844.000000
152349411.000000
152415999.000000
152484120.000000
152551480.000000
152618050.000000
152684546.000000
152751170.000000
152818676.000000
152885139.000000
152952648.000000
153019249.000000
153085811.000000
153152139.000000
153218857.000000
153285312.000000
153351917.000000
153418382.000000
153420470.000000
153486918.000000
153553520.000000
153619993.000000
153686507.000000
153752549.000000
153819331.000000
153887113.000000
153953679.000000
154020273.000000
154087757.000000
154154316.000000
154220752.000000
154287441.000000
154353975.000000
154421437.000000
154487992.000000
154554627.000000
154620971.000000
154687498.000000
154753437.000000
154821131.000000
154887605.000000
154954212.000000
155020259.000000
155088240.000000
155154804.000000
155221265.000000
155287877.000000
155354335.000000
155420942.000000
155487400.000000
155553992.000000
155620571.000000
155688070.000000
155755545.000000
155822200.000000
155888638.000000
155955127.000000
156021717.000000
156089199.000000
156155880.000000
156221831.000000
156288837.000000
156356396.000000
156423985.000000
156490452.000000
156556964.000000
156623545.000000
156691062.000000
156758543.000000
156825167.000000
156891632.000000
156893609.000000
156960124.000000
157026700.000000
157093169.000000
157159765.000000
157226231.000000
157292823.000000
157359414.000000
157425893.000000
157493432.000000
157561434.000000
157628959.000000
157695453.000000
157762054.000000
157828542.000000
157895249.000000
157961480.000000
158028205.000000
158095842.000000
158162085.000000
158228770.000000
158295240.000000
158362780.000000
158429368.000000
158495842.000000
158563372.000000
158630912.000000
158697505.000000
158763973.000000
158831508.000000
158899035.000000
158965620.000000
159032097.000000
159099130.000000
159165719.000000
159232189.000000
159298802.000000
159366300.000000
159432788.000000
159499416.000000
159565995.000000
159632429.000000
159700001.000000
159768034.000000
159835504.000000
159902058.000000
159968541.000000
160036071.000000
160104126.000000
160105166.000000
160171606.000000
160238219.000000
160305734.000000
160373272.000000
160440775.000000
160508792.000000
160576819.000000
160644345.000000
160710949.000000
160777418.000000
160843999.000000
160910471.000000
160977062.000000
161043649.000000
161110117.000000
161176601.000000
161243207.000000
161309671.000000
161376274.000000
161442842.000000
161509310.000000
161575891.000000
161643815.000000
161710419.000000
161778384.000000
161844938.000000
161911537.000000
161978063.000000
162047073.000000
162114596.000000
162181196.000000
162247574.000000
162315166.000000
162381747.000000
162448247.000000
162514781.000000
162581282.000000
162648821.000000
162715426.000000
162781868.000000
162848480.000000
162915067.000000
162982485.000000
163050008.000000
163117639.000000
163119597.000000
163186179.000000
163253591.000000
163320210.000000
163386799.000000
163453300.000000
163519831.000000
163586230.000000
163652788.000000
163719446.000000
163787352.000000
163853951.000000
163920413.000000
163988474.000000
164056043.000000
164122626.000000
164189098.000000
164255702.000000
164322181.000000
164388762.000000
164456209.000000
164523714.000000
164590315.000000
164657837.000000
164724386.000000
164791879.000000
164858458.000000
164925983.000000
164993569.000000
165060019.000000
165126588.000000
165194063.000000
165260006.000000
165329143.000000
165395615.000000
165462216.000000
165528795.000000
165595293.000000
165661798.000000
165729826.000000
165797374.000000
165863957.000000
165930321.000000
165997892.000000
166064505.000000
166130988.000000
166198538.000000
166199556.000000
166265962.000000
166333562.000000
166400084.000000
166466693.000000
166534154.000000
166600617.000000
166667228.000000
166733846.000000
166801357.000000
166867892.000000
166934447.000000
167000907.000000
167067445.000000
167133973.000000
167200522.000000
167268516.000000
167336574.000000
167403143.000000
167469642.000000
167536272.000000
167603668.000000
167670241.000000
167736183.000000
167803312.000000
167870807.000000
167936748.000000
168004413.000000
168071905.000000
168138476.000000
168204955.000000
168271531.000000
168338150.000000
168405628.000000
168472149.000000
168539601.000000
168606228.000000
168672796.000000
168740742.000000
168807309.000000
168873791.000000
168940426.000000
169006995.000000
169073533.000000
169141420.000000
169208006.000000
169274495.000000
169341009.000000
169406952.000000
169474618.000000
169541169.000000
169542162.000000
169609721.000000
169676270.000000
169744350.000000
169811816.000000
169878258.000000
169944842.000000
170012354.000000
170078909.000000
170145394.000000
170211977.000000
170279493.000000
170346033.000000
170412531.000000
170479104.000000
170545582.000000
170612167.000000
170678721.000000
170745189.000000
170811772.000000
170878353.000000
170944786.000000
171010728.000000
171078416.000000
171144895.000000
171211464.000000
171277958.000000
171344542.000000
171411042.000000
171477591.000000
171545676.000000
171612242.000000
171679711.000000
171747817.000000
171814255.000000
171880734.000000
171947327.000000
172014837.000000
172081393.000000
172147863.000000
172213806.000000
172280645.000000
172349988.000000
172416530.000000
172483076.000000
172549544.000000
172615485.000000
172683178.000000
172749657.000000
172816230.000000
172882720.000000
172884797.000000
172951342.000000
173017976.000000
173083919.000000
173151927.000000
173219405.000000
173285346.000000
173352981.000000
173419596.000000
173486050.000000
173552526.000000
173619125.000000
173686624.000000
173753200.000000
173819863.000000
173886284.000000
173952685.000000
174020308.000000
174086794.000000
174153390.000000
174219870.000000
174286444.000000
174352924.000000
174419507.000000
174485992.000000
174552577.000000
174620076.000000
174686726.000000
174753259.000000
174819711.000000
174886182.000000
174952865.000000
175019296.000000
175085983.000000
175152404.000000
175219919.000000
175286378.000000
175352319.000000
175420521.000000
175488007.000000
175555599.000000
175621976.000000
175689660.000000
175757241.000000
175823677.000000
175890364.000000
175956792.000000
176023282.000000
176089765.000000
176157383.000000
176223917.000000
176290552.000000
176356870.000000
176357940.000000
176426060.000000
176492489.000000
176559042.000000
176626531.000000
176694127.000000
176760586.000000
176826527.000000
176894191.000000
176961687.000000
177028254.000000
177095875.000000
177162302.000000
177228842.000000
177295330.000000
177361903.000000
177428538.000000
177494965.000000
177560905.000000
177630004.000000
177696577.000000
177763046.000000
177829648.000000
177896114.000000
177962711.000000
178029180.000000
178095778.000000
178162260.000000
178228203.000000
178295870.000000
178363372.000000
178431577.000000
178498003.000000
178564501.000000
178631998.000000
178698555.000000
178766681.000000
178834146.000000
178901622.000000
178968189.000000
179034660.000000
179102278.000000
179168727.000000
179235298.000000
179301341.000000
179368372.000000
179434944.000000
179501394.000000
179568006.000000
179568921.000000
179636543.000000
179703102.000000
179771029.000000
179837612.000000
179904152.000000
179971659.000000
180038273.000000
180104638.000000
180171254.000000
180237731.000000
180304345.000000
180372369.000000
180439855.000000
180506409.000000
180572950.000000
180640571.000000
180707011.000000
180773622.000000
180840082.000000
180906565.000000
180972508.000000
181040264.000000
181106718.000000
181173106.000000
181239051.000000
181306810.000000
181373406.000000
181439875.000000
181507389.000000
181573930.000000
181640440.000000
181706379.000000
181774042.000000
181840524.000000
181907096.000000
181975132.000000
182042636.000000
182109199.000000
182177219.000000
182244736.000000
182311235.000000
182377817.000000
182444296.000000
182510881.000000
182578441.000000
182644894.000000
182711463.000000
182778022.000000
182844618.000000
182845454.000000
182912030.000000
182978625.000000
183045209.000000
183111676.000000
183178157.000000
183244721.000000
183311281.000000
183377878.000000
183444199.000000
183510806.000000
183577340.000000
183645197.000000
183712898.000000
183779331.000000
183845939.000000
183911880.000000
183980628.000000
184047076.000000
184114690.000000
184182183.000000
184249807.000000
184316257.000000
184382743.000000
184450786.000000
184516726.000000
184584388.000000
184650866.000000
184717450.000000
184784971.000000
184852487.000000
184920070.000000
184988077.000000
185054534.000000
185120477.000000
185187307.000000
185254329.000000
185322214.000000
185389737.000000
185456280.000000
185524336.000000
185592343.000000
185659877.000000
185726359.000000
185792298.000000
185859970.000000
185861946.000000
185927886.000000
185994696.000000
186062572.000000
186129157.000000
186195621.000000
186262117.000000
186328702.000000
186396741.000000
186464232.000000
186532236.000000
186598819.000000
186665211.000000
186731875.000000
186798481.000000
186864865.000000
186931481.000000
186998995.000000
187065543.000000
187132029.000000
187198602.000000
187265096.000000
187332704.000000
187400711.000000
187468736.000000
187535326.000000
187602827.000000
187670310.000000
187737889.000000
187804332.000000
187870911.000000
187938442.000000
188005050.000000
188072462.000000
188139039.000000
188205549.000000
188272107.000000
188338601.000000
188404543.000000
188472210.000000
188539718.000000
188606276.000000
188672760.000000
188740367.000000
188806825.000000
188809332.000000
188875273.000000
188942925.000000
189009412.000000
189076000.000000
189142586.000000
189209056.000000
189276580.000000
189344641.000000
189411104.000000
189479134.000000
189546740.000000
189613199.000000
189679787.000000
189747284.000000
189813851.000000
189881361.000000
189947964.000000
190014339.000000
190080960.000000
190147470.000000
190214039.000000
190280535.000000
190347098.000000
190413705.000000
190480070.000000
190546695.000000
190613300.000000
190679681.000000
190746747.000000
190813334.000000
190880849.000000
190947438.000000
191014939.000000
191081408.000000
191149005.000000
191215463.000000
191282045.000000
191349567.000000
191417143.000000
191483685.000000
191550170.000000
191616710.000000
191683305.000000
191750797.000000
191818292.000000
191884794.000000
191951374.000000
192019418.000000
192085875.000000
192086919.000000
192154949.000000
192222475.000000
192290159.000000
192356401.000000
192423076.000000
192489683.000000
192556055.000000
192622683.000000
192690195.000000
192756747.000000
192823230.000000
192889814.000000
192956296.000000
193022884.000000
193089908.000000
193156405.000000
193222347.000000
193290021.000000
193356604.000000
193422987.000000
193489600.000000
193557118.000000
193623669.000000
193690278.000000
193756636.000000
193823261.000000
193889749.000000
193956295.000000
194022926.000000
194089390.000000
194155880.000000
194222466.000000
194289986.000000
194356476.000000
194423058.000000
194489547.000000
194556115.000000
194622721.000000
194689189.000000
194755681.000000
194822245.000000
194888741.000000
194955311.000000
195021851.000000
195088339.000000
195154282.000000
195221946.000000
195289467.000000
195356089.000000
195423492.000000
195490078.000000
195556676.000000
195623116.000000
195689514.000000
195692146.000000
195759723.000000
195827203.000000
195893762.000000
195961274.000000
196027215.000000
196094874.000000
196162891.000000
196229477.000000
196295944.000000
196362423.000000
196429011.000000
196496524.000000
196562567.000000
196630077.000000
196697624.000000
196765183.000000
196831770.000000
196899191.000000
196965779.000000
197032298.000000
197100288.000000
197166880.000000
197233468.000000
197300881.000000
197367482.000000
197434059.000000
197500541.000000
197567594.000000
197634065.000000
197702143.000000
197768732.000000
197835204.000000
197901802.000000
197968278.000000
198034806.000000
198102844.000000
198169415.000000
198236929.000000
198304409.000000
198371895.000000
198437937.000000
198505498.000000
198573081.000000
198574097.000000
198640596.000000
198707072.000000
198773602.000000
198840244.000000
198906728.000000
198974179.000000
199040777.000000
199108306.000000
199176341.000000
199242811.000000
199309447.000000
199375927.000000
199442516.000000
199510015.000000
199576574.000000
199643056.000000
199710568.000000
199777121.000000
199843606.000000
199910178.000000
199976721.000000
200043307.000000
200110805.000000
200178300.000000
200244858.000000
200312886.000000
200380387.000000
200446990.000000
200513479.000000
200580007.000000
200646538.000000
200713015.000000
200780584.000000
200847178.000000
200913553.000000
200981638.000000
201048233.000000
201115746.000000
201183377.000000
201251273.000000
201317942.000000
201384287.000000
201450231.000000
201518897.000000
201585481.000000
201652071.000000
201718460.000000
201785075.000000
201786046.000000
201853603.000000
201920190.000000
201986670.000000
202054197.000000
202120796.000000
202187262.000000
202253853.000000
202320344.000000
202386924.000000
202453393.000000
202519988.000000
202587395.000000
202653982.000000
202720579.000000
202787994.000000
202854589.000000
202922106.000000
202988704.000000
203055187.000000
203122695.000000
203189246.000000
203256757.000000
203323319.000000
203389905.000000
203456366.000000
203522861.000000
203588801.000000
203656612.000000
203722853.000000
203790566.000000
203858572.000000
203925141.000000
203991529.000000
204059184.000000
204125745.000000
204193259.000000
204260234.000000
204326177.000000
204394781.000000
204461374.000000
204528855.000000
204595415.000000
204662020.000000
204728468.000000
204796003.000000
204862377.000000
204930580.000000
204932560.000000
204999065.000000
205066627.000000
205133224.000000
205202179.000000
205268769.000000
205335175.000000
205401775.000000
205469264.000000
205535839.000000
205603362.000000
205669917.000000
205736506.000000
205802997.000000
205870599.000000
205937048.000000
206003525.000000
206069995.000000
206136513.000000
206203178.000000
206269660.000000
206336243.000000
206402830.000000
206469204.000000
206535828.000000
206603360.000000
206670877.000000
206738370.000000
206804968.000000
206871454.000000
206939007.000000
207006587.000000
207074069.000000
207140616.000000
207207111.000000
207274675.000000
207341166.000000
207407743.000000
207474251.000000
207540775.000000
207607307.000000
207673742.000000
207740409.000000
207807011.000000
207874331.000000
207941068.000000
208008997.000000
208075572.000000
208142162.000000
208144127.000000
208210684.000000
208277057.000000
208345145.000000
208411722.000000
208479202.000000
208547238.000000
208615262.000000
208682777.000000
208749364.000000
208815964.000000
208882443.000000
208949969.000000
209017484.000000
209083422.000000
209151064.000000
209219097.000000
209285572.000000
209351514.000000
209419258.000000
209485626.000000
209552258.000000
209619785.000000
209687312.000000
209753904.000000
209820388.000000
209886981.000000
209954480.000000
210020841.000000
210087510.000000
210155562.000000
210223569.000000
210291093.000000
210357586.000000
210424169.000000
210490562.000000
210557231.000000
210624776.000000
210691257.000000
210757783.000000
210824371.000000
210891891.000000
210959410.000000
210961410.000000
211027905.000000
211094473.000000
211161999.000000
211228497.000000
211294438.000000
211363065.000000
211429642.000000
211496138.000000
211562764.000000
211629144.000000
211695765.000000
211762258.000000
211829965.000000
211896305.000000
211962852.000000
212030471.000000
212098052.000000
212165429.000000
212232117.000000
212298461.000000
212365092.000000
212432605.000000
212500659.000000
212568268.000000
212634715.000000
212702224.000000
212768166.000000
212837271.000000
212903841.000000
212971456.000000
213037800.000000
213104427.000000
213170925.000000
213238582.000000
213306054.000000
213372612.000000
213438984.000000
213505615.000000
213573130.000000
213639684.000000
213707191.000000
213774783.000000
213840722.000000
213909315.000000
213910266.000000
213977352.000000
214043824.000000
214110395.000000
214176998.000000
214243367.000000
214309996.000000
214377521.000000
214444107.000000
214511628.000000
214579101.000000
214645657.000000
214713180.000000
214779584.000000
214847282.000000
214914759.000000
214981319.000000
215047908.000000
215114392.000000
215181953.000000
215249424.000000
215315973.000000
215382459.000000
215449048.000000
215515630.000000
215584582.000000
215651132.000000
215717722.000000
215784203.000000
215851710.000000
215918214.000000
215984862.000000
216052778.000000
216119354.000000
216185952.000000
216252327.000000
216318962.000000
216385447.000000
216452086.000000
216518457.000000
216585095.000000
216651574.000000
216718162.000000
216784746.000000
216851222.000000
216917707.000000
216984278.000000
217050864.000000
217117352.000000
217183938.000000
217250324.000000
217316947.000000
217317877.000000
217384319.000000
217451051.000000
217520014.000000
217586591.000000
217653159.000000
217719648.000000
217787629.000000
217854190.000000
217920789.000000
217988708.000000
218056268.000000
218122707.000000
218189299.000000
218255905.000000
218322368.000000
218388335.000000
218455325.000000
218521858.000000
218588561.000000
218655648.000000
218722122.000000
218788626.000000
218854671.000000
218920963.000000
218987507.000000
219054056.000000
219121167.000000
219187912.000000
219254289.000000
219320912.000000
219387403.000000
219454922.000000
219520864.000000
219588546.000000
219655034.000000
219722750.000000
219789098.000000
219856707.000000
219923241.000000
219990721.000000
220057196.000000
220123140.000000
220191783.000000
220259390.000000
220325945.000000
220392259.000000
220460431.000000
220527921.000000
220528983.000000
220595027.000000
220663546.000000
220730036.000000
220796680.000000
220863150.000000
220929567.000000
220996208.000000
221062791.000000
221129356.000000
221195819.000000
221263791.000000
221330360.000000
221396759.000000
221462705.000000
221531424.000000
221597992.000000
221665524.000000
221732016.000000
221798650.000000
221865028.000000
221931648.000000
221999184.000000
222066698.000000
222134280.000000
222200641.000000
222268347.000000
222334791.000000
222401414.000000
222467854.000000
222534421.000000
222602000.000000
222669589.000000
222736027.000000
222802512.000000
222868455.000000
222936170.000000
223002618.000000
223069205.000000
223135783.000000
223202159.000000
223268801.000000
223335290.000000
223402782.000000
223469402.000000
223536957.000000
223603401.000000
223670974.000000
223737558.000000
223804115.000000
223870589.000000
223871629.000000
223939142.000000
224005694.000000
224072081.000000
224139161.000000
224205203.000000
224272724.000000
224338668.000000
224405496.000000
224473377.000000
224539961.000000
224606461.000000
224673907.000000
224740497.000000
224806998.000000
224873623.000000
224940002.000000
225006046.000000
225075224.000000
225142691.000000
225210206.000000
225278243.000000
225344186.000000
225411250.000000
225477855.000000
225544331.000000
225610922.000000
225677505.000000
225743982.000000
225810574.000000
225878181.000000
225945664.000000
226012111.000000
226078689.000000
226145176.000000
226212785.000000
226280368.000000
226346702.000000
226413358.000000
226481282.000000
226547950.000000
226614395.000000
226682370.000000
226750456.000000
226816924.000000
226883514.000000
226950097.000000
227016481.000000
227016889.000000
227083854.000000
227151131.000000
227217619.000000
227284203.000000
227350805.000000
227418306.000000
227484760.000000
227550702.000000
227618374.000000
227684963.000000
227751527.000000
227817952.000000
227885954.000000
227952523.000000
228019124.000000
228085601.000000
228152168.000000
228218726.000000
228286642.000000
228354257.000000
228420710.000000
228487301.000000
228553881.000000
228620261.000000
228686888.000000
228753916.000000
228820487.000000
228887041.000000
228953505.000000
229021014.000000
229086955.000000
229154612.000000
229221076.000000
229287687.000000
229354155.000000
229421877.000000
229489237.000000
229555810.000000
229623314.000000
229689870.000000
229756456.000000
229824392.000000
229890336.000000
229958946.000000
230024887.000000
230092591.000000
230159036.000000
230225624.000000
230293128.000000
230294234.000000
230360684.000000
230428239.000000
230494691.000000
230561336.000000
230627713.000000
230693657.000000
230762330.000000
230828902.000000
230896431.000000
230962919.000000
231030960.000000
231097537.000000
231163996.000000
231230587.000000
231297174.000000
231365102.000000
231431695.000000
231498156.000000
231566228.000000
231632791.000000
231699277.000000
231765804.000000
231831847.000000
231898617.000000
231965642.000000
232033428.000000
232101032.000000
232168622.000000
232234996.000000
232302580.000000
232370162.000000
232436620.000000
232504168.000000
232570737.000000
232637313.000000
232704822.000000
232771384.000000
232838883.000000
232906874.000000
232973476.000000
233039963.000000
233107508.000000
233175504.000000
233177997.000000
233244590.000000
233312634.000000
233378577.000000
233446130.000000
233512710.000000
233579185.000000
233645778.000000
233712260.000000
233779785.000000
233846370.000000
233912850.000000
233979443.000000
234045932.000000
234112467.000000
234179044.000000
234246460.000000
234312401.000000
234380080.000000
234446569.000000
234512509.000000
234580188.000000
234646759.000000
234713136.000000
234779767.000000
234846360.000000
234913863.000000
234979904.000000
235046059.000000
235113939.000000
235180543.000000
235246909.000000
235314567.000000
235381123.000000
235447494.000000
235515158.000000
235581725.000000
235648209.000000
235715669.000000
235783282.000000
235850782.000000
235917280.000000
235984846.000000
236052371.000000
236119893.000000
236186492.000000
236252978.000000
236320484.000000
236387038.000000
236453525.000000
236454557.000000
236521156.000000
236587631.000000
236654227.000000
236720695.000000
236787283.000000
236854216.000000
236920808.000000
236989413.000000
237055754.000000
237122385.000000
237188868.000000
237254811.000000
237321637.000000
237389558.000000
237457141.000000
237523588.000000
237591619.000000
237659121.000000
237725683.000000
237793187.000000
237859733.000000
237926329.000000
237993837.000000
238060390.000000
238128252.000000
238194962.000000
238261280.000000
238327964.000000
238394455.000000
238461105.000000
238527562.000000
238594142.000000
238662131.000000
238730147.000000
238798193.000000
238864771.000000
238931142.000000
238997765.000000
239064367.000000
239131792.000000
239198361.000000
239264853.000000
239331438.000000
239399058.000000
239465399.000000
239532034.000000
239599549.000000
239600566.000000
239667145.000000
239734652.000000
239801104.000000
239867047.000000
239934725.000000
240001192.000000
240067135.000000
240134825.000000
240202341.000000
240268836.000000
240336404.000000
240403935.000000
240471467.000000
240538076.000000
240604445.000000
240671075.000000
240737668.000000
240805072.000000
240871666.000000
240938258.000000
241005681.000000
241072262.000000
241138859.000000
241204802.000000
241273380.000000
241339945.000000
241407456.000000
241474003.000000
241541924.000000
241609549.000000
241677045.000000
241743642.000000
241810115.000000
241876596.000000
241944128.000000
242010685.000000
242077223.000000
242143859.000000
242210297.000000
242277826.000000
242344307.000000
242410991.000000
242477425.000000
242544003.000000
242611592.000000
242678031.000000
242744513.000000
242746559.000000
242814582.000000
242881075.000000
242947653.000000
243014145.000000
243080720.000000
243147274.000000
243214815.000000
243282293.000000
243349874.000000
243417360.000000
243483944.000000
243552866.000000
243618808.000000
243686507.000000
243754019.000000
243821541.000000
243888035.000000
243953975.000000
244021660.000000
244088247.000000
244155757.000000
244222142.000000
244288769.000000
244355307.000000
244421912.000000
244489415.000000
244555947.000000
244622390.000000
244689027.000000
244755417.000000
244822128.000000
244888571.000000
244955168.000000
245021643.000000
245088226.000000
245156144.000000
245222726.000000
245289215.000000
245355784.000000
245424186.000000
245490863.000000
245558372.000000
245625959.000000
245692396.000000
245759001.000000
245760048.000000
245826509.000000
245893098.000000
245959477.000000
246026107.000000
246092590.000000
246158530.000000
246226219.000000
246293743.000000
246361263.000000
246427751.000000
246494328.000000
246560876.000000
246628916.000000
246695387.000000
246762995.000000
246830478.000000
246897116.000000
246963466.000000
247029510.000000
247098646.000000
247167688.000000
247234009.000000
247300724.000000
247367259.000000
247433791.000000
247500377.000000
247566758.000000
247633744.000000
247699692.000000
247767446.000000
247833937.000000
247899880.000000
247967044.000000
248033533.000000
248099473.000000
248166303.000000
248233323.000000
248300363.000000
248368238.000000
248434824.000000
248501193.000000
248567873.000000
248634171.000000
248700937.000000
248767495.000000
248834917.000000
248901493.000000
248969016.000000
249035502.000000
249102088.000000
249103045.000000
249169634.000000
249237124.000000
249303682.000000
249370269.000000
249437778.000000
249504252.000000
249570878.000000
249638366.000000
249704830.000000
249771393.000000
249837991.000000
249905497.000000
249972064.000000
250038528.000000
250105133.000000
250171594.000000
250238182.000000
250304561.000000
250371194.000000
250437781.000000
250504278.000000
250570861.000000
250637425.000000
250703866.000000
250771848.000000
250838415.000000
250905018.000000
250971389.000000
251038118.000000
251104463.000000
251171081.000000
251237570.000000
251304144.000000
251371629.000000
251438224.000000
251504709.000000
251571275.000000
251637769.000000
251704415.000000
251771919.000000
251838374.000000
251904931.000000
251971476.000000
252037968.000000
252104556.000000
252171128.000000
252237608.000000
252304194.000000
252371768.000000
252439232.000000
252505698.000000
252573307.000000
252639746.000000
252705687.000000
252707837.000000
252774413.000000
252840893.000000
252907383.000000
252974013.000000
253041519.000000
253108500.000000
253174440.000000
253243048.000000
253311095.000000
253377656.000000
253444240.000000
253510717.000000
253577197.000000
253644764.000000
253711300.000000
253777908.000000
253845312.000000
253911894.000000
253979417.000000
254046059.000000
254112393.000000
254179026.000000
254246547.000000
254312487.000000
254380138.000000
254446733.000000
254513204.000000
254579794.000000
254646261.000000
254712744.000000
254779380.000000
254847307.000000
254914926.000000
254981366.000000
255047966.000000
255115470.000000
255182958.000000
255249563.000000
255316149.000000
255382619.000000
255450129.000000
255516686.000000
255583172.000000
255649792.000000
255716285.000000
255782720.000000
255848664.000000
255916377.000000
255982963.000000
255983799.000000
256050425.000000
256117011.000000
256183384.000000
256249326.000000
256317068.000000
256383553.000000
256450134.000000
256516629.000000
256583259.000000
256650663.000000
256717259.000000
256783749.000000
256850347.000000
256917864.000000
256984463.000000
257051946.000000
257118415.000000
257185985.000000
257252573.000000
257319039.000000
257385647.000000
257452110.000000
257518539.000000
257585167.000000
257651774.000000
257718248.000000
257784832.000000
257851321.000000
257917837.000000
257984449.000000
258051850.000000
258118441.000000
258186470.000000
258253062.000000
258319530.000000
258387558.000000
258453963.000000
258520619.000000
258588662.000000
258656190.000000
258722773.000000
258789150.000000
258855790.000000
258923326.000000
258989912.000000
259056392.000000
259123905.000000
259191534.000000
259259436.000000
259260558.000000
259328028.000000
259396037.000000
259462529.000000
259530084.000000
259598134.000000
259664597.000000
259730539.000000
259799178.000000
259865748.000000
259933794.000000
260001285.000000
260067845.000000
260135347.000000
260201287.000000
260268939.000000
260336447.000000
260404024.000000
260470592.000000
260537149.000000
260603689.000000
260670131.000000
260736608.000000
260803187.000000
260869682.000000
260936243.000000
261002794.000000
261070308.000000
261136842.000000
261203388.000000
261269978.000000
261336453.000000
261402982.000000
261469569.000000
261536143.000000
261603609.000000
261670073.000000
261736639.000000
261804271.000000
261871652.000000
261937594.000000
262006231.000000
262073839.000000
262140281.000000
262206863.000000
262273346.000000
262275432.000000
262342908.000000
262410487.000000
262478491.000000
262546000.000000
262612548.000000
262679138.000000
262745652.000000
262813081.000000
262879024.000000
262947663.000000
263014231.000000
263081761.000000
263149289.000000
263215779.000000
263282417.000000
263348909.000000
263416376.000000
263483047.000000
263549484.000000
263617007.000000
263683552.000000
263750135.000000
263817654.000000
263884212.000000
263951710.000000
264018152.000000
264084748.000000
264152763.000000
264220785.000000
264287334.000000
264353813.000000
264419754.000000
264487434.000000
264555493.000000
264623080.000000
264689359.000000
264757196.000000
264823143.000000
264889994.000000
264958107.000000
265025714.000000
265092144.000000
265158127.000000
265159700.000000
265225643.000000
265293312.000000
265360832.000000
265428425.000000
265495911.000000
265562406.000000
265629508.000000
265695961.000000
265761907.000000
265828974.000000
265896540.000000
265964068.000000
266030688.000000
266098557.000000
266164986.000000
266231482.000000
266299036.000000
266365607.000000
266433129.000000
266499703.000000
266566253.000000
266632746.000000
266699349.000000
266765883.000000
266832413.000000
266898936.000000
266965385.000000
267031952.000000
267098482.000000
267166572.000000
267234025.000000
267300579.000000
267368057.000000
267434589.000000
267502596.000000
267568536.000000
267635361.000000
267703237.000000
267769699.000000
267835642.000000
267903339.000000
267969784.000000
268037427.000000
268103972.000000
268170529.000000
268238078.000000
268239942.000000
268307472.000000
268374986.000000
268443045.000000
268509627.000000
268577442.000000
268645191.000000
268711661.000000
268778272.000000
268844804.000000
268912298.000000
268981288.000000
269047851.000000
269114428.000000
269180967.000000
269248467.000000
269314937.000000
269382501.000000
269449077.000000
269517091.000000
269585143.000000
269651594.000000
269719193.000000
269785754.000000
269852323.000000
269918859.000000
269985206.000000
270051152.000000
270118870.000000
270185434.000000
270252005.000000
270319910.000000
270386498.000000
270453978.000000
270520567.000000
270587127.000000
270653695.000000
270720105.000000
270786502.000000
270853219.000000
270919801.000000
270986187.000000
271052825.000000
271120281.000000
271187813.000000
271188879.000000
271255457.000000
271322033.000000
271388481.000000
271456083.000000
271523273.000000
271591196.000000
271658907.000000
271725349.000000
271792902.000000
271860360.000000
271926922.000000
271994427.000000
272060367.000000
272128988.000000
272196495.000000
272264529.000000
272331105.000000
272397046.000000
272463841.000000
272530870.000000
272598689.000000
272665262.000000
272731903.000000
272798374.000000
272865894.000000
272932437.000000
272998973.000000
273065507.000000
273132038.000000
273198567.000000
273265108.000000
273332571.000000
273398513.000000
273465341.000000
273534678.000000
273600620.000000
273668268.000000
273735757.000000
273801699.000000
273869821.000000
273936384.000000
274002953.000000
274069400.000000
274135339.000000
274137625.000000
274204969.000000
274270911.000000
274338515.000000
274405103.000000
274471579.000000
274538266.000000
274604793.000000
274672261.000000
274738801.000000
274805345.000000
274871923.000000
274939899.000000
275006441.000000
275073075.000000
275140429.000000
275207533.000000
275273584.000000
275340394.000000
275407112.000000
275474639.000000
275541119.000000
275607767.000000
275674225.000000
275741741.000000
275810987.000000
275878526.000000
275945508.000000
276011449.000000
276079088.000000
276145732.000000
276212140.000000
276278682.000000
276344727.000000
276411725.000000
276478274.000000
276544216.000000
276611810.000000
276678352.000000
276746804.000000
276813418.000000
276880001.000000
276946418.000000
277013008.000000
277081095.000000
277147660.000000
277214302.000000
277280727.000000
277347197.000000
277349729.000000
277416242.000000
277482798.000000
277549342.000000
277615873.000000
277682396.000000
277749860.000000
277816415.000000
277882943.000000
277949482.000000
278016024.000000
278082062.000000
278149663.000000
278216237.000000
278282678.000000
278349152.000000
278416707.000000
278483290.000000
278549830.000000
278616257.000000
278682856.000000
278749434.000000
278816270.000000
278883984.000000
278950512.000000
279017074.000000
279083472.000000
279150041.000000
279215982.000000
279283636.000000
279350158.000000
279416707.000000
279483235.000000
279549777.000000
279616704.000000
279683446.000000
279750891.000000
279817456.000000
279883985.000000
279950518.000000
280017045.000000
280083485.000000
280149428.000000
280218550.000000
280284490.000000
280352159.000000
280418691.000000
280485202.000000
280551143.000000
280618786.000000
280684827.000000
280752416.000000
280818942.000000
280885474.000000
280951906.000000
280954426.000000
281020987.000000
281087524.000000
281154043.000000
281219983.000000
281287613.000000
281354155.000000
281420688.000000
281487298.000000
281554767.000000
281621327.000000
281688802.000000
281755352.000000
281821292.000000
281888939.000000
281956491.000000
282023041.000000
282090572.000000
282158017.000000
282224578.000000
282292074.000000
282360105.000000
282426696.000000
282493274.000000
282559735.000000
282626266.000000
282692728.000000
282758667.000000
282826379.000000
282892871.000000
282959516.000000
283025980.000000
283092559.000000
283160056.000000
283228610.000000
283294822.000000
283362137.000000
283428708.000000
283496214.000000
283564261.000000
283630726.000000
283697620.000000
283764949.000000
283832798.000000
283900391.000000
283966439.000000
283970345.000000
284038442.000000
284105168.000000
284174963.000000
284242511.000000
284308875.000000
284376114.000000
284442565.000000
284509181.000000
284576659.000000
284643664.000000
284710067.000000
284776669.000000
284843319.000000
284909882.000000
284976445.000000
285044236.000000
285110902.000000
285177495.000000
285244971.000000
285312267.000000
285380955.000000
285448024.000000
285514921.000000
285583384.000000
285651702.000000
285717650.000000
285786076.000000
285852975.000000
285919637.000000
285987680.000000
286054733.000000
286121734.000000
286189965.000000
286257062.000000
286323309.000000
286389886.000000
286457035.000000
286458476.000000
286524959.000000
286591492.000000
286659090.000000
286725548.000000
286792226.000000
286859780.000000
286925724.000000
286994200.000000
287061300.000000
287127957.000000
