-0.420203 1.464324 -1.130390 0.265984
-0.436176 2.778351 -1.194273 0.309671
-0.100558 3.406355 -0.288604 0.115656
0.446274 0.795547 0.977708 -0.561997
0.191074 -1.839447 1.128418 -0.663899
0.699121 -4.184777 -0.257493 0.268960
-0.877826 -0.101292 -0.712474 0.630908
-1.516587 3.390940 -0.039991 0.065555
0.677582 1.345300 0.085594 0.131116
1.936286 0.415585 0.282390 -0.080917
2.804366 -2.845928 0.034524 -0.141183
-2.795752 0.751132 -0.165732 -1.020439
-3.789668 1.408817 -0.256425 -0.600080
-1.010287 -1.637126 0.343171 1.607813
1.167462 0.237384 0.505977 0.351885
2.656108 -1.693810 0.098838 0.088988
0.683312 0.886365 -0.067138 -0.502854
0.941329 -0.991552 -0.091079 -0.195650
-0.408263 1.614862 -0.534301 0.143952
1.757336 -1.726447 -0.104809 -0.034514
1.437275 -2.523130 -0.264688 0.039038
-1.725607 -0.342830 0.297998 -0.689758
-2.397504 1.180834 0.207609 -0.366352
0.914906 -0.876547 0.268480 0.847307
-1.336339 0.226931 0.058321 0.192532
-1.364309 3.658758 -0.133111 0.372196
0.917739 -0.334117 0.279624 -0.295467
1.598738 -1.788679 -0.218206 0.220084
-0.708508 1.198847 0.300537 -0.524652
1.249826 -2.235614 -0.260244 0.254305
-0.675781 1.296493 0.017399 -0.261367
0.145363 -1.150455 0.324267 0.253651
0.297877 -1.108913 -0.098865 0.061487
-2.196414 2.871484 0.239870 -0.295321
-2.287615 2.800887 0.081509 -0.149880
1.520276 -1.087757 -0.073781 0.424211
1.040120 -1.345720 -0.290414 0.094601
0.651646 -0.286175 -0.195108 0.019799
2.033446 -1.566316 -0.118521 0.146060
-0.052612 0.175139 0.385789 -0.319526
0.949305 -0.083002 0.135047 -0.217657
-1.690366 2.265634 0.029829 -0.139648
1.553027 -2.685092 -0.137361 0.295294
-1.387327 1.688798 0.082616 0.003385
-1.099780 -0.324737 0.359894 -0.070916
-0.350625 -0.171728 0.643543 -0.272225
0.238809 -1.902472 -0.587232 0.513635
0.936844 -1.052827 -0.355869 0.185225
-1.141282 1.570969 0.144947 -0.118437
0.770413 -2.006478 0.219379 -0.165401
-0.881546 2.000432 -0.036308 0.093680
-1.422967 2.235787 0.024570 -0.118431
0.330311 -0.755789 -0.282069 0.075498
1.064033 -2.135647 -0.073766 0.323385
-1.052337 -0.625970 0.255251 -0.105698
1.083679 1.096602 -0.045772 0.021430
-1.215607 0.518014 0.334724 -0.092124
0.875172 -1.531214 -0.240084 0.114661
-0.252204 2.075341 0.376035 -0.284456
-0.032066 -0.872934 -0.627474 0.401169
0.654268 -0.697405 0.122569 0.041352
-0.449203 0.813514 0.270846 -0.353254
2.194990 -1.801690 -0.018558 0.162456
-1.333104 3.196672 0.044958 -0.390752
1.085791 -1.775435 -0.075911 0.042916
0.443442 0.095141 0.219147 -0.083252
-1.093291 0.878067 0.187323 -0.238967
1.600126 -2.444654 0.043581 0.078171
-2.151037 2.838178 -0.134439 0.199107
0.719473 -2.262261 0.012701 0.223539
0.301244 -0.419550 -0.259825 0.128425
-1.135025 1.704245 0.136461 -0.142303
1.474635 -1.681590 0.151543 -0.111848
1.296262 -0.674652 -0.109782 0.222965
-0.104334 0.307398 -0.040055 -0.496044
-2.134965 3.016713 -0.147034 -0.359950
-0.727105 -0.645127 0.242631 0.713385
-1.430207 1.074710 0.503960 -0.086780
-0.139547 0.631646 -0.143152 -0.153192
1.738352 -2.597219 -0.065618 0.177197
1.092954 1.151672 -0.186962 0.106571
2.133446 -2.093901 0.135935 -0.353102
-1.010794 1.934770 -0.025121 0.045467
1.051791 -2.460053 0.123056 0.004993
0.203690 -0.757415 -0.209162 -0.071274
-0.977364 -2.126722 -0.080259 -0.294651
-0.351102 -0.098230 -0.228899 -0.013354
-2.411305 4.421856 0.244473 0.420361
-0.326246 1.924237 0.429613 0.093545
-0.112391 -0.407005 -0.106145 0.276828
1.297236 -2.919235 0.200100 -0.076821
2.299605 -0.800103 -0.281015 0.119649
1.150544 0.135602 0.011012 -0.556285
-1.127987 1.497697 0.055543 -0.219786
0.740219 -0.834096 -0.006349 0.152205
-0.561800 1.517657 0.552708 -0.399789
1.260833 -1.728592 -0.302860 0.123999
-1.748501 1.941388 -0.003064 -0.111348
0.138775 -2.327955 0.235973 0.282825
-0.137747 -0.531787 -0.051419 -0.001304
-2.141871 2.008143 -0.041676 0.089939
-0.214391 -0.616835 0.431843 -0.085576
0.820746 1.289924 -0.395037 0.447590
0.861163 -2.134240 -0.052425 -0.054870
0.791990 0.323563 0.030224 -0.244893
0.029047 -0.050650 0.576274 -0.391176
1.139116 -2.199600 -0.269794 0.277493
-0.122394 0.137277 -0.250968 0.322729
0.842101 0.131965 0.080722 -0.339296
-1.689444 1.651377 0.077830 -0.028954
0.947499 -1.340899 0.003701 0.245345
0.472875 1.405649 0.045501 -0.175835
-0.316701 -0.561892 0.081215 -0.149073
0.533349 -0.098553 0.109687 -0.114578
-0.838375 1.423219 -0.264402 0.066811
0.594880 -1.059310 0.080767 0.043160
-0.811764 0.709023 0.049617 -0.030018
1.291398 -2.152478 -0.106223 0.128249
-1.044832 0.459826 -0.124588 0.078705
-1.992895 2.029386 -0.215317 0.071277
-2.329814 1.815104 -0.004552 0.001095
0.202906 -0.631244 0.461050 0.143326
1.800159 -2.216281 0.539664 -0.142918
3.293832 -2.809313 0.195021 0.204990
-0.576932 -0.598721 -0.368223 -0.476814
-2.209911 0.898007 -0.202440 -0.083470
-3.079413 3.089218 -0.315062 0.525945
0.491924 -1.157087 -0.342449 0.525188
1.272253 0.327530 -0.120408 0.068775
-1.015550 1.855933 0.447146 -0.268045
2.535398 -2.145581 0.185612 -0.142348
-0.040304 1.839083 0.707166 -0.566259
1.078089 -1.583692 -0.226843 -0.172648
0.049321 0.656272 -0.189167 0.093951
1.199692 -1.101577 -0.035981 0.142316
-1.551732 1.710836 -0.128703 -0.008950
-1.264270 1.612176 0.199897 0.006266
-0.118883 -0.325883 0.278949 0.184356
1.076805 -2.152178 -0.159853 0.156053
-0.272329 -0.116215 0.329720 -0.161562
0.875216 -2.124645 -0.035663 0.056413
-0.435223 1.261188 0.271908 -0.401107
0.687254 -2.045115 -0.308109 0.278662
0.497366 -1.705217 -0.009950 -0.076911
0.315154 0.594316 0.380111 -0.153926
1.181135 -0.218453 0.116892 0.031942
-0.279896 0.124165 -0.359382 -0.013493
-1.763429 2.781075 -0.522943 -0.020883
1.179036 -0.488558 0.281824 -0.021115
-0.274729 -0.171301 0.172453 -0.232256
-0.429982 1.035916 0.114232 0.090267
-1.454619 1.532735 0.072227 0.069889
0.843767 -2.399381 -0.235291 0.151664
-0.940094 1.463906 -0.005757 0.234154
1.204387 -2.335490 0.230740 -0.306637
0.382329 0.898856 -0.374391 0.128323
0.116674 0.784356 -0.008425 0.061227
-2.685234 0.568524 0.382852 -0.150813
1.340280 -1.986061 -0.178060 0.239439
-1.681303 3.107560 0.172013 -0.298703
1.443019 -2.611576 0.068273 0.210026
1.254832 -0.574297 -0.010276 0.038910
-0.212908 1.096666 0.400337 -0.091451
0.240941 -0.123650 -0.033928 -0.409044
1.102832 -2.352697 -0.126702 0.044476
-1.386978 2.055336 0.093420 -0.169721
0.017136 -1.516698 0.256464 -0.060211
-2.514370 1.735693 0.338741 -0.037045
1.562196 -1.008963 -0.446362 0.724385
-2.194718 1.891739 0.145620 -0.381223
-2.640739 2.283660 -0.051327 -0.314145
2.941935 -2.469158 0.472317 0.304098
1.467452 -1.320132 -0.374312 0.485293
-0.129025 0.744446 -0.105020 -0.420732
1.873041 -1.964230 -0.059339 0.168918
-0.968472 0.807847 0.354920 -0.353852
1.112981 -0.820130 -0.243251 0.187722
2.098505 -1.201660 -0.026661 0.014283
-0.811205 3.260998 0.247380 -0.438250
0.737420 -2.377587 0.057552 0.033903
-0.126383 -0.117786 -0.355012 0.360267
-0.271425 0.957420 -0.153269 -0.010711
1.069255 -0.419173 -0.181250 -0.042890
1.048406 -0.040171 0.048550 -0.063399
0.251883 -1.199559 0.267706 -0.470780
-1.681618 1.507515 0.038515 -0.155345
1.586107 -1.697396 0.101643 0.021263
-1.321326 2.343565 0.174986 -0.061333
-0.932950 -1.190553 -0.460433 0.548856
1.197101 -1.193734 0.001776 0.254813
-0.205039 -1.283299 0.292617 -0.310850
-2.066521 2.817919 0.115988 -0.148893
-2.275269 -0.071582 0.115433 0.332988
-0.907175 -1.651952 0.292903 0.090179
1.759363 0.407026 0.292383 0.062045
1.126956 0.792689 -0.321835 0.110707
-0.884156 2.644659 0.195038 -0.378533
0.904515 -1.445918 -0.143083 0.069362
-1.398340 -0.938128 0.192989 -0.030037
0.030688 -2.926941 0.061406 -0.104987
-1.141129 1.598352 -0.211232 0.226936
1.709551 -0.620970 -0.159569 0.317930
-1.541748 3.088432 0.086727 -0.226789
1.302522 -2.640420 0.055328 -0.047533
1.686581 -1.903919 -0.018108 0.288358
0.923538 -0.080272 0.134898 -0.411132
0.031379 2.502177 -0.374870 0.126803
-1.762142 0.356782 0.127972 -0.067469
0.295931 1.067162 0.142213 -0.077126
0.139510 0.576160 0.143292 0.129560
-0.481242 -1.162407 0.013131 -0.199092
0.799411 -1.641145 -0.102721 0.068246
1.099159 1.489694 -0.025740 0.189457
0.308519 0.120121 0.424686 -0.458459
0.408547 -0.880686 -0.226922 0.145630
-1.416398 1.369423 -0.073862 -0.159244
1.866983 -2.456502 0.021478 0.222680
-0.540736 -0.970296 0.054735 -0.252532
-2.421552 1.745018 -0.066156 0.093500
-3.042922 1.954671 -0.105731 0.038649
0.358296 0.558636 0.352616 0.561180
2.310387 -2.179770 0.371397 -0.290720
0.886570 0.037838 -0.513482 0.215595
-0.313404 0.486531 0.034279 -0.361408
1.106680 -2.474560 -0.100897 0.040960
-2.001786 2.685360 -0.097071 0.227919
-2.623743 1.711985 0.289365 -0.127900
-1.412634 0.113142 0.207891 -0.086443
1.349629 -2.416109 -0.406726 0.710553
-0.501381 1.531084 0.008260 0.069064
3.169347 -2.826648 0.214211 -0.162100
3.469451 -2.559802 0.558830 -0.320999
0.742745 1.250729 -0.242934 -0.495931
0.853611 0.131563 0.000447 -0.189774
-1.669860 0.219730 -0.016728 -0.163497
0.030745 -0.435671 -0.359606 0.293412
-1.954750 1.011030 0.584123 -0.242689
0.253499 0.371202 -0.198777 0.520985
0.444052 0.834833 -0.194810 0.138895
-0.529006 1.711644 -0.259653 0.284579
0.274233 0.079662 0.078901 0.029366
-0.522453 -1.289789 0.080418 -0.113925
1.552016 -1.562887 0.189776 -0.032770
-1.878383 0.647861 0.078775 0.018669
1.904626 -2.881907 0.024258 0.048687
-0.059576 1.357876 -0.118492 -0.235673
-0.533649 -0.435355 0.270100 -0.276013
1.176903 -0.983470 0.011319 0.003846
0.050170 3.435637 0.113623 -0.144035
-1.002744 3.332192 -0.062305 0.172926
1.135062 -1.177386 -0.545506 -0.099200
0.192314 -2.809575 0.562624 -0.137752
1.466667 -2.721292 0.284890 -0.207857
-0.636150 0.094914 -0.424791 0.288797
0.819252 -0.195433 -0.034133 0.211952
-2.128903 1.261494 0.121236 0.055810
-4.719212 3.056367 0.243924 -0.232902
1.406224 -2.010331 -0.402112 0.724323
1.585010 -1.770625 0.319134 -0.190810
0.827943 0.499593 0.127220 -0.219147
1.093622 0.220083 -0.268505 0.117898
-1.561384 2.351123 0.143009 -0.332273
0.851989 -1.453087 -0.279285 0.114173
-1.456160 1.108542 0.236108 -0.114498
-0.503739 -0.994672 0.127198 -0.038072
0.262816 -2.734822 -0.167922 0.409620
1.099674 0.395073 0.610753 -0.177621
-0.034334 0.629543 -0.481140 0.118205
-2.195562 1.708077 0.020922 0.153429
0.839255 -1.381880 0.423273 0.018790
-0.519897 1.406142 -0.094597 -0.042962
1.087779 -0.763704 0.391743 -0.319354
0.609556 0.345043 -0.489880 0.488291
-0.694930 0.804515 0.312327 -0.590518
1.231692 -1.990677 -0.481693 0.256640
-0.744953 2.188909 -0.078065 0.129363
0.948880 -0.276174 0.298467 -0.178878
0.755872 -0.826074 -0.206112 0.059027
-0.439730 -0.696982 0.278453 -0.320730
-0.452775 -1.479495 0.205354 -0.061499
0.498926 0.305769 -0.326109 0.285707
-2.146206 1.179594 0.125195 0.003170
2.033315 -1.661067 0.189694 0.104465
-1.615671 1.820663 -0.033210 -0.310520
-1.170610 1.073165 0.056230 0.128087
0.287133 -1.818829 -0.109305 0.375378
0.269806 -1.506221 -0.028769 -0.073122
-0.594563 2.201207 -0.116941 -0.093553
0.744635 -0.236399 0.276349 0.192203
2.262532 -0.774856 0.342678 -0.225685
0.147531 1.406675 -0.192482 -0.027875
1.781388 -0.622081 0.334232 -0.184474
0.864184 -0.255792 -0.380272 -0.078269
-1.822706 -1.386691 -0.143959 -0.189449
-1.571616 1.983276 0.112740 0.209456
-2.039102 1.949837 0.636398 -0.128661
0.402470 -0.797652 -0.299455 0.232770
0.598997 -0.980114 -0.114416 -0.077111
-0.518834 0.256932 -0.140157 0.275139
0.956528 -1.594935 0.314644 0.000767
0.434153 -0.376659 -0.192903 -0.137569
-1.727478 0.784913 -0.091143 0.107793
-1.163903 0.071677 -0.112991 -0.034502
-0.050844 0.654611 0.325875 -0.046117
2.453941 -2.205997 -0.119447 0.297321
3.190361 -0.983981 -0.222681 -0.130834
-2.119383 2.854389 0.150147 -0.694234
-0.800041 -0.859802 0.115765 0.333850
0.421560 -0.271268 -0.185436 0.248634
-1.508397 0.643048 0.306713 -0.347163
1.067686 -2.313501 0.148115 0.212475
0.566774 1.727934 0.028534 0.197956
1.175429 -0.656150 0.156597 -0.341199
0.873875 -0.832086 -0.183891 0.005134
1.217146 -0.440707 -0.049753 0.030386
-0.080464 -0.221042 -0.141336 -0.233080
-0.261784 -0.465306 0.120584 -0.228132
0.549119 2.160260 0.397345 -0.185881
0.148998 0.142357 -0.087165 0.083159
0.644390 -0.103755 -0.726169 0.082291
-1.015792 0.940560 0.382571 0.029407
0.179704 -1.877799 0.569658 -0.320900
-0.483016 -0.271622 -0.229555 0.481108
-3.327863 1.707901 -0.011324 0.092580
0.286718 -1.839744 -0.047354 0.395600
-2.252516 2.267596 0.254339 -0.196088
1.074141 -2.500261 0.016330 0.264817
1.240528 -1.802932 -0.024728 0.066257
0.762443 0.032194 -0.111587 -0.079722
1.692318 0.757289 0.124759 -0.337780
-2.331782 1.928222 -0.021926 -0.230740
-2.120168 2.856675 0.033594 -0.279028
0.454816 -1.310542 0.105862 0.670197
0.704644 -2.751361 0.131239 -0.188327
1.137381 0.191680 -0.147116 0.130652
-1.657294 2.333498 -0.008061 -0.077124
-0.534082 0.557926 -0.154805 0.200652
2.916163 -2.570095 0.145062 0.028701
0.815153 0.766313 -0.187906 -0.492920
-0.249126 -1.908440 -0.011901 -0.058412
-1.161450 -0.401901 -0.010891 0.305818
0.045671 -0.636969 0.190967 0.148795
0.436369 1.501480 -0.012404 0.099925
1.721701 -0.102728 0.329352 -0.423524
1.098582 -0.548194 -0.267950 -0.113508
-0.803722 2.404295 0.083645 -0.231931
0.280001 -1.947031 -0.141583 0.235120
-0.068762 -1.950956 0.103155 0.038793
-1.064798 1.187656 -0.044416 -0.154199
-1.114406 2.759099 -0.111343 0.032056
0.586262 0.018902 0.532501 -0.215254
1.567636 -0.567732 -0.317091 0.337869
-2.222225 2.033358 -0.118761 0.028766
0.367262 -2.068035 0.145616 -0.028062
-0.750366 -0.744485 0.090058 0.155947
-0.226108 -0.649242 0.147561 -0.008059
-1.403889 1.636575 -0.037023 -0.034406
0.601389 -1.698506 0.084545 0.344489
1.868595 -1.571450 0.020806 -0.120409
1.305648 1.844624 -0.354695 -0.243533
0.030816 0.153503 0.137840 -0.073070
1.202817 -1.497213 0.069094 -0.062489
-1.464921 1.401764 0.044935 -0.107551
-0.135075 -1.402419 0.195939 0.030837
0.092639 0.569097 0.224120 -0.057408
0.416514 -0.862309 0.152255 0.005677
-2.360716 0.976279 -0.202216 0.069499
-1.369190 1.915212 -0.089921 0.148966
0.556191 -2.076800 0.280388 0.156731
0.974634 -0.798451 -0.149780 0.290028
-1.033234 0.916461 0.033456 -0.217862
0.481836 -1.338156 0.003486 0.043655
-0.544735 1.092492 0.026098 -0.193446
0.790592 -0.631504 -0.013938 0.092323
1.644091 -0.802122 -0.013860 0.086957
-1.186658 2.669741 -0.194580 -0.148735
0.173265 -1.960427 0.036517 -0.038895
-1.711367 0.500298 0.240654 -0.105693
1.075003 -1.305972 0.013518 0.255418
1.298866 -1.369149 0.127820 0.204084
1.727879 -0.491471 -0.021222 -0.221579
0.214855 0.007389 0.052352 -0.339378
-0.972582 1.853433 -0.227634 0.012855
-0.291366 -0.668782 0.101956 0.220703
0.042143 0.530264 -0.119392 -0.199620
-0.329683 1.447440 -0.162932 -0.070697
1.318671 -0.426092 0.303619 -0.037812
-1.788829 1.516993 0.188534 -0.306009
-1.002786 0.746265 0.046379 0.342463
-1.190996 -0.627038 -0.093816 0.198367
2.811677 -0.741116 0.016691 -0.007255
1.281130 -1.172030 -0.012273 -0.065030
-1.052205 -0.551997 0.255128 -0.319326
-1.058202 -0.529654 0.150378 0.068819
1.010047 -1.859001 -0.186172 0.228284
-0.346691 -0.469818 -0.093723 0.075480
-0.673346 1.557102 -0.223352 0.180929
-0.845867 0.516280 0.611642 -0.053150
-0.797790 -0.848549 -0.240137 0.248676
0.948859 -1.200246 0.135587 -0.313002
1.170162 -0.490641 -0.129552 0.055199
-0.628585 3.866314 -0.002830 -0.188138
1.495568 -1.560281 0.068424 -0.065777
-0.825976 2.082027 0.372874 -0.253388
-3.260203 2.224937 0.239330 -0.057888
-0.005042 -1.180609 -0.138471 0.323477
2.189403 -2.942017 -0.231920 0.326156
0.514473 1.790192 -0.041875 -0.179052
-0.148272 -0.742872 0.249482 -0.082160
1.743988 -1.878820 -0.087150 0.398672
-0.571692 2.689362 -0.202424 -0.429841
0.216635 -3.321541 0.166841 -0.113355
0.259416 0.538871 0.093333 -0.150982
-1.114888 0.104716 -0.002480 0.081060
-1.016390 1.254640 0.113787 0.197978
0.841041 -2.008000 0.212915 -0.107238
-2.365125 1.284690 -0.097787 -0.088774
-0.835049 -1.334578 0.156578 0.323473
1.292974 -2.543131 -0.105142 0.246098
0.150388 1.693190 -0.091309 0.302878
0.293173 -0.424148 -0.083338 0.026371
-0.953279 2.852735 -0.039971 -0.167232
0.213376 0.233821 0.134326 0.013860
1.599249 0.004350 0.301559 -0.113761
2.963670 -2.482750 -0.032926 -0.118281
-1.105596 2.186259 -0.130973 -0.506814
0.769917 -1.521195 0.459565 -0.318478
0.198658 -0.980617 -0.283613 0.016573
-0.332033 0.921579 -0.006735 0.217176
-1.490454 0.425720 0.001603 0.070018
0.523737 -0.878465 0.118363 -0.017588
1.699029 -0.784517 -0.342301 0.096297
-0.946959 0.241443 -0.008582 -0.277234
0.557998 0.393961 0.206566 0.200779
-2.341004 2.796732 0.438644 -0.034555
-0.318904 -3.091690 -0.141416 0.349348
-1.922590 0.959018 0.160248 0.109824
-0.353006 0.516164 -0.005627 -0.274242
1.972531 -1.943130 0.282818 0.305960
0.828088 1.050660 -0.508055 0.038927
-0.143836 0.915818 -0.223926 -0.176784
-0.070435 -1.168287 -0.120244 0.028977
0.812553 0.432441 -0.001008 0.036639
1.120935 0.060461 0.430514 -0.323007
-1.595250 1.679822 0.305346 -0.403703
2.481142 -1.936320 -0.231318 0.522855
-2.025739 2.422648 -0.071113 -0.397202
-1.988869 2.650038 0.042380 0.120468
1.416235 -4.225323 0.058983 0.391304
0.464753 0.097246 0.176974 -0.102710
-0.438152 -1.011990 0.149653 -0.128134
1.398272 -0.205607 -0.027737 0.041605
-0.875569 1.801865 -0.093450 -0.042452
1.778459 -2.092098 -0.399479 0.299675
0.185794 0.798122 0.145347 -0.357135
0.716470 -1.009768 0.270612 -0.244673
-1.959416 1.945066 0.072396 -0.029946
0.156850 -0.699034 0.034224 0.154987
1.295946 -2.224482 -0.105931 0.363626
-0.139095 -0.195645 0.026694 0.016427
-1.659623 2.517199 0.130525 -0.000631
-0.643593 -1.402615 -0.009890 -0.057790
-1.096036 1.527812 0.170181 -0.096697
2.091200 -2.707843 -0.139899 0.272410
-0.163475 1.574895 -0.122252 -0.048117
0.716151 -1.330513 0.327376 -0.233096
0.765255 -0.903441 -0.104331 -0.214753
-2.880358 2.035993 -0.031476 -0.085910
0.427605 -1.714769 0.211546 0.215906
-0.397020 1.312296 -0.087019 0.326681
2.279556 -2.269541 0.025852 0.107022
-1.345065 -0.084646 0.118584 -0.389185
-1.898591 3.184188 -0.027574 0.257414
1.009067 -1.442381 0.743106 -0.104161
0.526632 -0.111637 -0.311346 0.281838
-0.311581 0.273227 -0.183750 -0.101054
2.189442 -1.490942 0.041985 -0.267962
1.620501 -1.602006 0.017049 -0.273980
0.460287 0.327605 -0.255743 0.033483
-2.861880 1.680764 0.145389 -0.319606
-0.818041 0.430269 0.052469 0.456678
-2.368677 1.771240 0.008719 0.313984
1.025772 -2.258629 0.262240 -0.149506
0.579768 0.538391 0.051079 0.036698
1.234828 -0.127150 0.052345 -0.001099
-0.239244 0.761278 -0.142487 0.071553
1.862748 -1.864786 0.081791 -0.081846
-0.399061 2.498759 0.001110 -0.336478
0.609263 -1.236525 0.039080 -0.198413
1.306229 -2.185882 -0.219823 -0.016483
-1.008855 0.782175 0.012967 0.134084
-3.146299 3.227054 0.339215 -0.281859
1.012713 -1.150208 -0.362982 0.628625
-1.238275 0.706220 -0.049129 0.206048
2.208471 -1.640537 0.118481 -0.021743
-0.432087 1.520400 0.193931 -0.372636
2.232396 -2.376260 -0.042879 0.207535
-1.317050 1.757037 0.091375 -0.364429
-0.246999 -1.341119 0.184893 -0.122845
1.219727 -0.670226 -0.207003 0.055186
-1.494316 1.995108 0.081065 0.087177
0.146280 -1.280782 -0.038976 0.023963
1.325594 -2.107651 0.234172 -0.210188
-1.348740 2.615780 -0.245466 0.132196
-0.216958 -1.596409 0.087752 0.014399
1.213143 -0.237444 -0.134836 0.042466
-1.171328 1.235569 0.769275 -0.489401
1.265183 -1.699263 -0.413508 0.420905
-0.815448 1.546037 -0.000054 -0.176528
0.748963 -1.840830 -0.180734 0.159817
0.389120 0.353175 -0.041773 0.034147
-1.427107 0.238424 0.179992 -0.082595
-1.565755 0.531335 0.205739 -0.029791
0.034729 0.158339 -0.111778 0.677752
1.408782 0.077540 -0.214364 0.138706
1.680246 -0.224134 0.067829 -0.170853
0.543597 -1.551053 -0.199736 -0.232494
-0.857549 -0.302387 0.387485 -0.502018
1.117894 -0.904577 -0.113618 -0.091169
-1.159454 1.485032 0.043737 0.092982
1.010479 -0.100648 0.601537 -0.158889
0.427697 -0.206395 -0.011318 0.073874
-2.514769 -0.408676 -0.308127 0.215545
0.311568 -1.183956 -0.014974 0.276722
-0.997071 1.766488 -0.028594 0.135270
-1.937770 -0.411571 0.230490 -0.161623
1.072900 -0.921322 -0.216827 0.527950
-1.543455 2.283206 0.255544 -0.077387
1.351705 -1.756351 0.292740 -0.230056
0.836767 2.230948 -0.329836 0.152237
1.448196 -1.741156 0.222751 -0.405196
1.008692 -0.544718 -0.126932 0.163636
-1.881899 1.181894 -0.040769 -0.138974
-0.222872 -1.409209 -0.072989 0.078280
0.921462 -1.624172 0.173418 -0.094335
1.138943 0.796613 0.109604 0.006249
-0.530537 1.530500 -0.128056 -0.027041
0.670631 -1.143852 0.194646 -0.151573
0.032817 2.223035 -0.345852 0.108939
-1.684176 3.135918 0.158062 -0.269094
-0.640197 1.446511 0.070519 -0.023866
2.949035 -3.597197 -0.428899 0.520548
0.322736 -2.058287 0.109681 -0.190965
-1.382772 1.807840 -0.141403 -0.119570
-1.834621 1.574678 0.280713 0.024628
1.568246 -2.828207 -0.090356 0.222679
-0.844300 1.081886 0.147920 -0.292729
-0.024225 -0.056522 0.345036 -0.104940
1.440773 -1.970538 -0.228663 0.274052
0.395084 -1.236690 -0.062727 -0.068744
-0.777706 1.289896 -0.099080 0.026531
-1.974990 0.414976 0.347510 -0.085441
-1.046752 1.372389 0.145357 0.091549
0.919849 -1.042633 0.198057 0.163069
1.195076 1.357858 -0.139037 -0.201265
-0.596776 0.178306 0.143339 -0.274066
0.830543 -1.359987 0.020004 0.107768
-0.898417 0.148130 -0.010354 -0.177507
-2.015202 1.736269 0.097858 0.347465
1.712920 -3.427533 0.141880 0.356913
0.250003 0.924825 0.401580 -0.384648
1.308747 -1.761633 -0.088210 -0.086147
0.975650 -0.675762 -0.461538 0.232079
0.245727 1.708862 -0.325673 -0.161090
