2361.000000
3071.000000
4084.000000
5098.000000
6116.000000
7129.000000
8146.000000
8659.000000
9064.000000
10052.000000
11068.000000
12084.000000
13100.000000
14115.000000
15028.000000
16043.000000
16752.000000
17566.000000
18587.000000
19604.000000
20520.000000
21533.000000
22039.000000
24161.000000
24653.000000
25082.000000
25491.000000
26079.000000
26502.000000
26930.000000
27494.000000
28250.000000
29495.000000
30510.000000
31529.000000
32549.000000
33566.000000
34480.000000
35493.000000
36512.000000
37528.000000
38036.000000
38543.000000
39051.000000
39458.000000
39964.000000
40472.000000
40978.000000
41489.000000
41996.000000
42503.000000
43009.000000
43514.000000
44022.000000
44530.000000
44940.000000
45445.000000
45953.000000
46461.000000
46970.000000
47479.000000
47988.000000
48495.000000
49004.000000
49511.000000
49922.000000
50428.000000
50937.000000
51442.000000
51952.000000
52460.000000
52970.000000
53476.000000
53985.000000
54490.000000
55000.000000
55511.000000
55918.000000
56426.000000
56936.000000
57446.000000
57953.000000
58459.000000
58967.000000
59473.000000
59982.000000
60391.000000
60900.000000
61408.000000
61914.000000
62422.000000
62928.000000
63436.000000
63943.000000
64448.000000
64954.000000
65461.000000
65867.000000
131910.000000
197953.000000
263994.000000
330036.000000
396084.000000
462133.000000
528179.000000
594127.000000
660275.000000
726735.000000
792782.000000
858830.000000
924776.000000
990923.000000
1057480.000000
1123944.000000
1189993.000000
1256036.000000
1322604.000000
1389064.000000
1455115.000000
1521163.000000
1587730.000000
1654190.000000
1720233.000000
1786279.000000
1852323.000000
1918371.000000
1984415.000000
2050971.000000
2117015.000000
2183058.000000
2249102.000000
2315551.000000
2381595.000000
2447638.000000
2513684.000000
2579729.000000
2645775.000000
2712232.000000
2778277.000000
2844324.000000
2910371.000000
2976414.000000
3042460.000000
3109017.000000
3174967.000000
3241016.000000
3307063.000000
3373113.000000
3439677.000000
3505726.000000
3571772.000000
3638224.000000
3704268.000000
3770321.000000
3836370.000000
3902938.000000
3969393.000000
4035442.000000
4101393.000000
4167447.000000
4233596.000000
4299543.000000
4365497.000000
4431650.000000
4497695.000000
4563742.000000
4629786.000000
4695730.000000
4761878.000000
4827923.000000
4893869.000000
4959914.000000
5025959.000000
5092008.000000
5158058.000000
5224106.000000
5290148.000000
5356196.000000
5422240.000000
5488181.000000
5554224.000000
5620269.000000
5686310.000000
5752356.000000
5818402.000000
5884345.000000
5950692.000000
6017011.000000
6083055.000000
6149096.000000
6215139.000000
6281080.000000
6347123.000000
6413168.000000
6479211.000000
6545252.000000
6611299.000000
6677343.000000
6743387.000000
6809428.000000
6875470.000000
6941514.000000
7007456.000000
7073937.000000
7140591.000000
7207143.000000
7273591.000000
7274607.000000
7340652.000000
7406698.000000
7472639.000000
7539308.000000
7605756.000000
7672307.000000
7738856.000000
7805408.000000
7871961.000000
7938510.000000
8004957.000000
8071511.000000
8138056.000000
8204605.000000
8271153.000000
8337705.000000
8404157.000000
8470709.000000
8537256.000000
8603807.000000
8670358.000000
8736906.000000
8803456.000000
8869905.000000
8936455.000000
9003006.000000
9069556.000000
9136105.000000
9202560.000000
9269110.000000
9335660.000000
9402210.000000
9468760.000000
9535314.000000
9601763.000000
9668311.000000
9734863.000000
9801417.000000
9867967.000000
9934516.000000
10000965.000000
10067521.000000
10134070.000000
10200619.000000
10267174.000000
10333626.000000
10400173.000000
10466721.000000
10533272.000000
10599822.000000
10666270.000000
10732820.000000
10799373.000000
10865923.000000
10932475.000000
10999023.000000
11065574.000000
11132024.000000
11198571.000000
11265119.000000
11331669.000000
11398218.000000
11464766.000000
11531218.000000
11597767.000000
11664318.000000
11730866.000000
11731881.000000
11798431.000000
11864882.000000
11931434.000000
11997985.000000
12064536.000000
12131088.000000
12197538.000000
12264091.000000
12330643.000000
12397197.000000
12463749.000000
12530299.000000
12596748.000000
12663305.000000
12729860.000000
12796408.000000
12862862.000000
12929409.000000
12995963.000000
13062516.000000
13129066.000000
13195617.000000
13262065.000000
13328614.000000
13395171.000000
13461722.000000
13528268.000000
13594314.000000
13660260.000000
13726304.000000
13792348.000000
13858392.000000
13924436.000000
13990485.000000
14056528.000000
14122571.000000
14188613.000000
14254658.000000
14320603.000000
14386646.000000
14452688.000000
14518731.000000
14584775.000000
14650819.000000
14716864.000000
14782908.000000
14848951.000000
14914991.000000
14981036.000000
15047077.000000
15113023.000000
15179067.000000
15245108.000000
15311152.000000
15377196.000000
15443240.000000
15509283.000000
15575325.000000
15641366.000000
15707411.000000
15773454.000000
15839399.000000
15905442.000000
15971486.000000
16037533.000000
16103576.000000
16169623.000000
16235665.000000
16301708.000000
16367754.000000
16433796.000000
16499736.000000
16565780.000000
16631825.000000
16697868.000000
16763911.000000
16829953.000000
16895997.000000
16962041.000000
17028085.000000
17094127.000000
17160171.000000
17226115.000000
17292158.000000
17358203.000000
17424245.000000
17490286.000000
17556330.000000
17622376.000000
17688421.000000
17754463.000000
17820506.000000
17886550.000000
17952593.000000
18018537.000000
18084579.000000
18150621.000000
18216663.000000
18282704.000000
18348749.000000
18414793.000000
18480840.000000
18481347.000000
18547392.000000
18613335.000000
18679378.000000
18745420.000000
18811466.000000
18877508.000000
18943553.000000
19009599.000000
19075643.000000
19141683.000000
19207727.000000
19273771.000000
19339812.000000
19405754.000000
19471798.000000
19537840.000000
19603883.000000
19669930.000000
19735974.000000
19802017.000000
19868060.000000
19934102.000000
20000145.000000
20066187.000000
20132229.000000
20198172.000000
20264215.000000
20330259.000000
20396303.000000
20462349.000000
20528394.000000
20594441.000000
20660486.000000
20726529.000000
20792575.000000
20858618.000000
20925064.000000
20991108.000000
21057153.000000
21123201.000000
21189246.000000
21255293.000000
21321334.000000
21387378.000000
21453423.000000
21519365.000000
21585407.000000
21651450.000000
21717492.000000
21783535.000000
21849579.000000
21915626.000000
21981667.000000
22047709.000000
22113754.000000
22179697.000000
22245740.000000
22311784.000000
22377827.000000
22443872.000000
22509920.000000
22575962.000000
22642005.000000
22708046.000000
22774089.000000
22840132.000000
22906178.000000
22972120.000000
23038167.000000
23104209.000000
23170251.000000
23236295.000000
23302338.000000
23368381.000000
23434425.000000
23500471.000000
23566515.000000
23632561.000000
23698501.000000
23764543.000000
23830586.000000
23896632.000000
23962674.000000
24028720.000000
24094763.000000
24160805.000000
24226849.000000
24292890.000000
24358832.000000
24424874.000000
24490919.000000
24556960.000000
24623003.000000
24689047.000000
24755095.000000
24821137.000000
24887182.000000
24953223.000000
25019268.000000
25085310.000000
25151251.000000
25217294.000000
25283339.000000
25349381.000000
25415428.000000
25481472.000000
25547519.000000
25613566.000000
25679612.000000
25745555.000000
25811599.000000
25877642.000000
25943684.000000
26009725.000000
26075769.000000
26141813.000000
26207856.000000
26273898.000000
26339941.000000
26405983.000000
26472026.000000
26538072.000000
26604517.000000
26670560.000000
26736605.000000
26802648.000000
26868695.000000
26934740.000000
27000784.000000
27001289.000000
27067335.000000
27133379.000000
27199320.000000
27265364.000000
27331408.000000
27397455.000000
27463497.000000
27530012.000000
27596058.000000
27662001.000000
27728612.000000
27795161.000000
27861709.000000
27928264.000000
27994307.000000
28060352.000000
28126400.000000
28192853.000000
28258898.000000
28324943.000000
28391344.000000
28457292.000000
28523340.000000
28589588.000000
28655634.000000
28721678.000000
28787723.000000
28853768.000000
28919715.000000
28985765.000000
29051812.000000
29117760.000000
29183808.000000
29250471.000000
29316414.000000
29382467.000000
29448515.000000
29514564.000000
29580612.000000
29646554.000000
29712706.000000
29778650.000000
29844701.000000
29910748.000000
29976794.000000
30042837.000000
30108885.000000
30174930.000000
30240978.000000
30307024.000000
30372966.000000
30439013.000000
30505057.000000
30571101.000000
30637145.000000
30703192.000000
30769235.000000
30835278.000000
30901322.000000
30967267.000000
31033313.000000
31099361.000000
31165407.000000
31231453.000000
31297502.000000
31363546.000000
31429593.000000
31495636.000000
31561681.000000
31627625.000000
31693672.000000
31759719.000000
31825766.000000
31891812.000000
31957858.000000
32023902.000000
32089950.000000
32155996.000000
32221942.000000
32287985.000000
32354030.000000
32420078.000000
32486125.000000
32552173.000000
32618221.000000
32684266.000000
32750208.000000
32816251.000000
32882295.000000
32948342.000000
33014389.000000
33080433.000000
33146482.000000
33212527.000000
33278472.000000
33344521.000000
33410570.000000
33476518.000000
33542668.000000
33608712.000000
33674756.000000
33740801.000000
33806848.000000
33872788.000000
33938832.000000
34004873.000000
34070916.000000
34136957.000000
34202999.000000
34269045.000000
34335089.000000
34401135.000000
34467178.000000
34533221.000000
34599164.000000
34665207.000000
34731250.000000
34797294.000000
34863336.000000
34929379.000000
34995423.000000
35061467.000000
35061975.000000
35128017.000000
35194060.000000
35260100.000000
35326145.000000
35392086.000000
35458133.000000
35524175.000000
35590217.000000
35656265.000000
35722310.000000
35788359.000000
35854402.000000
35920448.000000
35986494.000000
36052439.000000
36118487.000000
36184531.000000
36250575.000000
36316620.000000
36382665.000000
36448710.000000
36514754.000000
36581214.000000
36647164.000000
36713795.000000
36779842.000000
36845891.000000
36911934.000000
36977976.000000
37044021.000000
37110067.000000
37176011.000000
37242056.000000
37308100.000000
37374143.000000
37440185.000000
37506229.000000
37572276.000000
37638735.000000
37705323.000000
37771372.000000
37837317.000000
37904388.000000
37970435.000000
38036480.000000
38102529.000000
38168579.000000
38234623.000000
38301079.000000
38367704.000000
38433750.000000
38499695.000000
38565739.000000
38631783.000000
38697828.000000
38763871.000000
38829816.000000
38895759.000000
38961708.000000
39027652.000000
39094564.000000
39160608.000000
39227163.000000
39293621.000000
39359665.000000
39425709.000000
39491756.000000
39557802.000000
39623745.000000
39690340.000000
39756895.000000
39822938.000000
39888983.000000
39956023.000000
40021969.000000
40088014.000000
40154059.000000
40220104.000000
40286147.000000
40352192.000000
40418236.000000
40484284.000000
40550842.000000
40616790.000000
40682998.000000
40749080.000000
40815336.000000
40881480.000000
40947525.000000
41013568.000000
41079613.000000
41145558.000000
41211600.000000
41277645.000000
41343689.000000
41409633.000000
41476224.000000
41542269.000000
41608312.000000
41674258.000000
41740859.000000
41807418.000000
41873464.000000
41939510.000000
42005554.000000
42071596.000000
42137639.000000
42203685.000000
42269728.000000
42335670.000000
42401712.000000
42402221.000000
42468265.000000
42534308.000000
42600353.000000
42666607.000000
42732718.000000
42798869.000000
42865014.000000
42931059.000000
42997106.000000
43063049.000000
43129093.000000
43195136.000000
43261180.000000
43327226.000000
43393275.000000
43459324.000000
43525884.000000
43592338.000000
43658381.000000
43724424.000000
43790474.000000
43856523.000000
43922568.000000
43988611.000000
44054655.000000
44120908.000000
44186978.000000
44253131.000000
44319179.000000
44385129.000000
44451281.000000
44517328.000000
44583377.000000
44649422.000000
44715911.000000
44781960.000000
44848009.000000
44914053.000000
44980100.000000
45046046.000000
45112199.000000
45178657.000000
45244707.000000
45310757.000000
45376802.000000
45442846.000000
45508889.000000
45574937.000000
45640880.000000
45707429.000000
45773475.000000
45839521.000000
45906030.000000
45972078.000000
46038121.000000
46104164.000000
46170211.000000
46236255.000000
46302303.000000
46368351.000000
46434292.000000
46500342.000000
46566393.000000
46632951.000000
46698994.000000
46765520.000000
46831569.000000
46898595.000000
46964641.000000
47030688.000000
47096634.000000
47162678.000000
47228726.000000
47294772.000000
47360817.000000
47426862.000000
47492906.000000
47558951.000000
47624998.000000
47691149.000000
47757381.000000
47823943.000000
47890582.000000
47956626.000000
48022669.000000
48088711.000000
48154762.000000
48221149.000000
48287296.000000
48353340.000000
48419382.000000
48485938.000000
48551983.000000
48617930.000000
48683977.000000
48750022.000000
48816070.000000
48882116.000000
48948161.000000
49014206.000000
49080754.000000
49146700.000000
49212744.000000
49279301.000000
49345861.000000
49412417.000000
49478878.000000
49544921.000000
49545430.000000
49611477.000000
49677519.000000
49743993.000000
49810042.000000
49876597.000000
49942542.000000
50009147.000000
50075189.000000
50141234.000000
50207735.000000
50274251.000000
50340198.000000
50406347.000000
50472391.000000
50538436.000000
50604479.000000
50670525.000000
50736570.000000
50802614.000000
50868663.000000
50934608.000000
51000655.000000
51067223.000000
51133271.000000
51199320.000000
51265364.000000
51331310.000000
51397353.000000
51463397.000000
51529438.000000
51595378.000000
51662000.000000
51728551.000000
51794592.000000
51860637.000000
51926680.000000
51992722.000000
52058766.000000
52124810.000000
52190852.000000
52256893.000000
52322834.000000
52388875.000000
52454919.000000
52520963.000000
52587011.000000
52653055.000000
52719098.000000
52785142.000000
52851188.000000
52917231.000000
52983176.000000
53049220.000000
53115264.000000
53181308.000000
53247356.000000
53313400.000000
53379443.000000
53445490.000000
53511532.000000
53577477.000000
53643520.000000
53709566.000000
53775509.000000
53841955.000000
53908683.000000
53975236.000000
54041790.000000
54108246.000000
54174804.000000
54241359.000000
54307914.000000
54374432.000000
54440986.000000
54507543.000000
54574002.000000
54640552.000000
54707132.000000
54773593.000000
54840159.000000
54906731.000000
54973185.000000
55039744.000000
55106296.000000
55172852.000000
55239405.000000
55305858.000000
55372412.000000
55439107.000000
55444879.000000
55511453.000000
55577973.000000
55644575.000000
55711042.000000
55777621.000000
55844182.000000
55910637.000000
55977193.000000
56043745.000000
56110222.000000
56176781.000000
56243333.000000
56309889.000000
56376450.000000
56442901.000000
56509453.000000
56576010.000000
56642570.000000
56709022.000000
56775594.000000
56842149.000000
56908701.000000
56975155.000000
57041731.000000
57108290.000000
57174742.000000
57241299.000000
57307850.000000
57374401.000000
57440955.000000
57507506.000000
57573960.000000
57640515.000000
57707071.000000
57773556.000000
57840115.000000
57906668.000000
57973221.000000
58039672.000000
58106224.000000
58172779.000000
58239338.000000
58305890.000000
58372344.000000
58438898.000000
58505450.000000
58572006.000000
58638559.000000
58705016.000000
58771569.000000
58838121.000000
58904678.000000
58971133.000000
59037692.000000
59104251.000000
59170810.000000
59237269.000000
59303827.000000
59370382.000000
59436934.000000
59503399.000000
59569959.000000
59636512.000000
59703085.000000
59704023.000000
59770574.000000
59837129.000000
59903681.000000
59970134.000000
60036684.000000
60103235.000000
60169793.000000
60236342.000000
60302793.000000
60369407.000000
60435866.000000
60502416.000000
60568973.000000
60635530.000000
60701989.000000
60768589.000000
60835046.000000
60901606.000000
60968162.000000
61034753.000000
61101213.000000
61167765.000000
61234319.000000
61300875.000000
61367326.000000
61433884.000000
61500439.000000
61566997.000000
61633449.000000
61700006.000000
61766581.000000
61833135.000000
61899585.000000
61966157.000000
62032714.000000
62099276.000000
62165726.000000
62232276.000000
62298825.000000
62365375.000000
62431842.000000
62498413.000000
62565008.000000
62631457.000000
62698013.000000
62764575.000000
62831129.000000
62897584.000000
62964192.000000
63030643.000000
63097215.000000
63163772.000000
63230335.000000
63296815.000000
63363390.000000
63429847.000000
63496418.000000
63562972.000000
63629529.000000
63695980.000000
63762558.000000
63829097.000000
63895566.000000
63962170.000000
64028643.000000
64029663.000000
64096218.000000
64162778.000000
64229231.000000
64295798.000000
64362352.000000
64428905.000000
64495411.000000
64561967.000000
64628518.000000
64694971.000000
64761528.000000
64828081.000000
64894636.000000
64961070.000000
65027631.000000
65094189.000000
65160744.000000
65227301.000000
65293752.000000
65360309.000000
65426858.000000
65493423.000000
65559373.000000
65626429.000000
65693000.000000
65759560.000000
65826030.000000
65892081.000000
65958026.000000
66024176.000000
66090120.000000
66156274.000000
66222219.000000
66288169.000000
66354219.000000
66420264.000000
66486413.000000
66552460.000000
66618405.000000
66684552.000000
66750498.000000
66816542.000000
66882588.000000
66948633.000000
67014678.000000
67080723.000000
67146770.000000
67212814.000000
67278864.000000
67344912.000000
67411363.000000
67477408.000000
67543455.000000
67609500.000000
67675544.000000
67741586.000000
67807628.000000
67873674.000000
67939619.000000
68005665.000000
68071712.000000
68137755.000000
68203802.000000
68269848.000000
68335894.000000
68401939.000000
68467985.000000
68533929.000000
68599974.000000
68666021.000000
68732066.000000
68798109.000000
68864155.000000
68930203.000000
68996248.000000
69062293.000000
69128238.000000
69194282.000000
69260330.000000
69326376.000000
69392421.000000
69458468.000000
69524513.000000
69590558.000000
69656604.000000
69722548.000000
69788594.000000
69854639.000000
69920688.000000
69986735.000000
70052781.000000
70118830.000000
70184873.000000
70250918.000000
70316863.000000
70382909.000000
70448955.000000
70515003.000000
70581049.000000
70647093.000000
70713140.000000
70713649.000000
70779692.000000
70845638.000000
70911687.000000
70977733.000000
71043779.000000
71109825.000000
71175870.000000
71241917.000000
71307963.000000
71373908.000000
71439955.000000
71505999.000000
71572042.000000
71638084.000000
71704131.000000
71770175.000000
71836223.000000
71902270.000000
71968318.000000
72034264.000000
72100311.000000
72166355.000000
72232399.000000
72298445.000000
72364488.000000
72430533.000000
72496475.000000
72562624.000000
72628566.000000
72694616.000000
72760662.000000
72826709.000000
72892753.000000
72958796.000000
73024841.000000
73090886.000000
73157339.000000
73223388.000000
73289436.000000
73355485.000000
73421531.000000
73487577.000000
73553623.000000
73619669.000000
73686130.000000
73752184.000000
73818744.000000
73884692.000000
73950839.000000
74016885.000000
74083345.000000
74149393.000000
74215441.000000
74281487.000000
74347431.000000
74413482.000000
74479528.000000
74545574.000000
74611619.000000
74677664.000000
74743711.000000
74809756.000000
74875805.000000
74941853.000000
75007897.000000
75073840.000000
75139883.000000
75205925.000000
75271970.000000
75338016.000000
75404063.000000
75470007.000000
75536153.000000
75602098.000000
75668144.000000
75734189.000000
75800240.000000
75866286.000000
75932333.000000
75998376.000000
76064420.000000
76130465.000000
76196513.000000
76262969.000000
76329011.000000
76395060.000000
76461106.000000
76527154.000000
76593097.000000
76659247.000000
76725191.000000
76791238.000000
76857280.000000
76923323.000000
76989368.000000
77055413.000000
77121460.000000
77187503.000000
77253966.000000
77320015.000000
77386063.000000
77452110.000000
77518155.000000
77584202.000000
77650147.000000
77716198.000000
77782245.000000
77848293.000000
77914341.000000
77980388.000000
78046439.000000
78112487.000000
78178433.000000
78244481.000000
78310530.000000
78376576.000000
78442622.000000
78508668.000000
78574715.000000
78640761.000000
78706808.000000
78772850.000000
78838795.000000
78904843.000000
78905352.000000
78971396.000000
79037444.000000
79103490.000000
79169539.000000
79235584.000000
79301530.000000
79373627.000000
79439674.000000
79505617.000000
79571563.000000
79637511.000000
79703461.000000
79769665.000000
79835813.000000
79901858.000000
79967904.000000
80033951.000000
80099999.000000
80166045.000000
80232092.000000
80298135.000000
80364078.000000
80430122.000000
80496167.000000
80562213.000000
80628258.000000
80694301.000000
80760345.000000
80826388.000000
80892431.000000
80958376.000000
81024419.000000
81090462.000000
81156506.000000
81222552.000000
81288598.000000
81354644.000000
81420685.000000
81486727.000000
81552772.000000
81618815.000000
81684759.000000
81750803.000000
81816849.000000
81882892.000000
81948936.000000
82014981.000000
82081026.000000
82147068.000000
82213110.000000
82279160.000000
82345204.000000
82411459.000000
82478238.000000
82544286.000000
82610330.000000
82676275.000000
82742324.000000
82808368.000000
82874412.000000
82940456.000000
83006500.000000
83072447.000000
83138845.000000
83204995.000000
83271141.000000
83337089.000000
83403522.000000
83469673.000000
83535819.000000
83601762.000000
83668830.000000
83735290.000000
83801889.000000
83867935.000000
83933983.000000
84000026.000000
84066072.000000
84132119.000000
84198064.000000
84264113.000000
84330060.000000
84396210.000000
84462256.000000
84528304.000000
84594347.000000
84660390.000000
84726336.000000
84792383.000000
84858428.000000
84924475.000000
84990522.000000
85056565.000000
85122610.000000
85189070.000000
85255114.000000
85321164.000000
85387722.000000
85453768.000000
85519814.000000
85585858.000000
85651805.000000
85717851.000000
85783899.000000
85849943.000000
85915990.000000
85982033.000000
86047980.000000
86114131.000000
86114539.000000
86180589.000000
86246636.000000
86312679.000000
86378721.000000
86444767.000000
86510812.000000
86576857.000000
86642900.000000
86708944.000000
86774986.000000
86840930.000000
86906974.000000
86973021.000000
87039066.000000
87105108.000000
87171151.000000
87237197.000000
87303241.000000
87369285.000000
87435328.000000
87501784.000000
87567830.000000
87633879.000000
87699927.000000
87765974.000000
87832020.000000
87898065.000000
87964108.000000
88030053.000000
88096099.000000
88162145.000000
88228189.000000
88294233.000000
88360275.000000
88426324.000000
88492267.000000
88558416.000000
88624362.000000
88690408.000000
88756454.000000
88822498.000000
88888542.000000
88954589.000000
89020633.000000
89086677.000000
89152721.000000
89218769.000000
89284711.000000
89350759.000000
89416808.000000
89482854.000000
89548899.000000
89614947.000000
89680994.000000
89747039.000000
89812986.000000
89879030.000000
89945073.000000
90011120.000000
90077166.000000
90143212.000000
90209257.000000
90275300.000000
90341343.000000
90407284.000000
90473329.000000
90539374.000000
90605421.000000
90671467.000000
90737512.000000
90803558.000000
90869608.000000
90935653.000000
91002620.000000
91068665.000000
91134708.000000
91200755.000000
91266800.000000
91332841.000000
91398887.000000
91464930.000000
91530877.000000
91596926.000000
91663488.000000
91729536.000000
91795579.000000
91861624.000000
91927776.000000
91993924.000000
92060074.000000
92126118.000000
92192267.000000
92258314.000000
92324359.000000
92390399.000000
92456854.000000
92522900.000000
92588945.000000
92654990.000000
92721497.000000
92787543.000000
92853595.000000
92919645.000000
92985688.000000
93052167.000000
93118212.000000
93184257.000000
93250301.000000
93316349.000000
93382398.000000
93448834.000000
93514982.000000
93581026.000000
93647068.000000
93713525.000000
93779571.000000
93845617.000000
93911662.000000
93977710.000000
94043755.000000
94044164.000000
94110722.000000
94176765.000000
94242808.000000
94308857.000000
94374906.000000
94440948.000000
94507507.000000
94573963.000000
94640012.000000
94706058.000000
94772108.000000
94838155.000000
94904199.000000
94970144.000000
95036092.000000
95102042.000000
95168090.000000
95234858.000000
95301320.000000
95367368.000000
95433413.000000
95499460.000000
95566021.000000
95631964.000000
95698013.000000
95763961.000000
95830626.000000
95896675.000000
95963031.000000
96028975.000000
96095029.000000
96161077.000000
96227130.000000
96293857.000000
96359905.000000
96426431.000000
96492380.000000
96558535.000000
96624577.000000
96690621.000000
96756569.000000
96822613.000000
96888661.000000
96954707.000000
97020753.000000
97086798.000000
97152845.000000
97218887.000000
97284833.000000
97350876.000000
97416919.000000
97482964.000000
97549009.000000
97615055.000000
97681100.000000
97747144.000000
97813188.000000
97879230.000000
97945273.000000
98011221.000000
98077266.000000
98143314.000000
98209265.000000
98275776.000000
98341921.000000
98408222.000000
98474446.000000
98540595.000000
98606539.000000
98672583.000000
98738630.000000
98804676.000000
98870719.000000
98936764.000000
99002808.000000
99069770.000000
99135811.000000
99201857.000000
99268459.000000
99334403.000000
99400455.000000
99466504.000000
99532549.000000
99598596.000000
99664643.000000
99730684.000000
99796730.000000
99862677.000000
99928726.000000
99995313.000000
100061815.000000
100128386.000000
100194434.000000
100260382.000000
100326430.000000
100392476.000000
100458519.000000
100524562.000000
100590609.000000
100656653.000000
100722698.000000
100788742.000000
100854686.000000
100920728.000000
100986774.000000
101052817.000000
101118861.000000
101184903.000000
101250946.000000
101316990.000000
101383038.000000
101449083.000000
101515127.000000
101515536.000000
101581582.000000
101647627.000000
101713673.000000
101779718.000000
101845762.000000
101911809.000000
101977854.000000
102043900.000000
102109845.000000
102175886.000000
102241931.000000
102307973.000000
102374019.000000
102440065.000000
102506113.000000
102572155.000000
102638200.000000
102704247.000000
102770190.000000
102836236.000000
102902279.000000
102968322.000000
103034365.000000
103100409.000000
103166454.000000
103232499.000000
103298540.000000
103364584.000000
103430531.000000
103496576.000000
103562623.000000
103628665.000000
103694708.000000
103760754.000000
103826799.000000
103892849.000000
103958893.000000
104024838.000000
104090883.000000
104156932.000000
104222878.000000
104288926.000000
104355597.000000
104422066.000000
104488111.000000
104554158.000000
104620205.000000
104686251.000000
104752296.000000
104818240.000000
104884284.000000
104950332.000000
105016376.000000
105082420.000000
105148462.000000
105214505.000000
105280551.000000
105346595.000000
105412541.000000
105478691.000000
105544635.000000
105610682.000000
105676724.000000
105742771.000000
105808816.000000
105874863.000000
105940912.000000
106006957.000000
106073001.000000
106138948.000000
106204994.000000
106271041.000000
106337088.000000
106403649.000000
106470104.000000
106536662.000000
106603233.000000
106669178.000000
106735325.000000
106801367.000000
106867414.000000
106933357.000000
106999400.000000
107065443.000000
107131489.000000
107197533.000000
107263575.000000
107329617.000000
107395661.000000
107461706.000000
107527752.000000
107593697.000000
107659739.000000
107725782.000000
107791827.000000
107857873.000000
107923917.000000
107989961.000000
108056004.000000
108122050.000000
108188092.000000
108254037.000000
108320082.000000
108386124.000000
108452168.000000
108518211.000000
108584256.000000
108650299.000000
108716342.000000
108782390.000000
108848337.000000
108914868.000000
108980813.000000
109046965.000000
109113013.000000
109179057.000000
109245102.000000
109311589.000000
109377632.000000
109443675.000000
109509719.000000
109575763.000000
109576696.000000
109642842.000000
109709291.000000
109775336.000000
109841381.000000
109907425.000000
109973466.000000
110039413.000000
110105971.000000
110172530.000000
110239094.000000
110305143.000000
110371190.000000
110437136.000000
110503281.000000
110569226.000000
110635271.000000
110701319.000000
110767366.000000
110833413.000000
110899459.000000
110965402.000000
111031451.000000
111097600.000000
111163546.000000
111229591.000000
111295640.000000
111361684.000000
111427730.000000
111493775.000000
111559818.000000
111625861.000000
111691907.000000
111757848.000000
111823893.000000
111889938.000000
111955986.000000
112022034.000000
112088079.000000
112154125.000000
112220171.000000
112286218.000000
112352162.000000
112418207.000000
112484252.000000
112550297.000000
112616342.000000
112682389.000000
112748436.000000
112814479.000000
112880523.000000
112946469.000000
113012511.000000
113078972.000000
113145124.000000
113211072.000000
113277741.000000
113344196.000000
113410654.000000
113477246.000000
113543296.000000
113609341.000000
113675388.000000
113741433.000000
113807476.000000
113873519.000000
113939563.000000
114005818.000000
114071957.000000
114138005.000000
114204155.000000
114270202.000000
114336248.000000
114402293.000000
114468847.000000
114534793.000000
114600838.000000
114666883.000000
114732930.000000
114798978.000000
114865536.000000
114932002.000000
114998049.000000
115064094.000000
115130138.000000
115196189.000000
115262136.000000
115328286.000000
115394331.000000
115460784.000000
115526832.000000
115592877.000000
115658919.000000
115724963.000000
115791008.000000
115857052.000000
115923099.000000
115989043.000000
116055089.000000
116121132.000000
116187178.000000
116253221.000000
116319265.000000
116385212.000000
116451359.000000
116517306.000000
116583355.000000
116649403.000000
116715347.000000
116781498.000000
116847443.000000
116913594.000000
116980147.000000
117046092.000000
117112137.000000
117178183.000000
117178693.000000
117244737.000000
117310783.000000
117376832.000000
117442878.000000
117509334.000000
117575383.000000
117641430.000000
117707480.000000
117773523.000000
117839572.000000
117906127.000000
117972583.000000
118038631.000000
118104679.000000
118170723.000000
118237284.000000
118303332.000000
118369275.000000
118435320.000000
118501364.000000
118567409.000000
118633455.000000
118699502.000000
118765547.000000
118831591.000000
118897635.000000
118963579.000000
119029624.000000
119095668.000000
119161712.000000
119227759.000000
119293804.000000
119359750.000000
119425901.000000
119491848.000000
119557999.000000
119624255.000000
119690305.000000
119756454.000000
119822599.000000
119888645.000000
119954592.000000
120020637.000000
120086587.000000
120152736.000000
120219296.000000
120285782.000000
120351828.000000
120418353.000000
120484404.000000
120550449.000000
120616494.000000
120682541.000000
120749105.000000
120815565.000000
120881512.000000
120947559.000000
121013606.000000
121080275.000000
121146629.000000
121212574.000000
121278956.000000
121345908.000000
121411854.000000
121477902.000000
121543949.000000
121609996.000000
121676041.000000
121742086.000000
121808130.000000
121874174.000000
121940116.000000
122006160.000000
122072204.000000
122138246.000000
122204289.000000
122270332.000000
122336377.000000
122402419.000000
122468464.000000
122534508.000000
122600552.000000
122666497.000000
122732540.000000
122798584.000000
122864627.000000
122930669.000000
122996713.000000
123062757.000000
123128801.000000
123194845.000000
123260891.000000
123326934.000000
123392879.000000
123458926.000000
123524968.000000
123591012.000000
123657057.000000
123723103.000000
123789146.000000
123855190.000000
123921232.000000
123987274.000000
124053318.000000
124119262.000000
124185307.000000
124251350.000000
124317395.000000
124383440.000000
124449485.000000
124515527.000000
124581569.000000
124647612.000000
124713660.000000
124779605.000000
124845649.000000
124846158.000000
124912204.000000
124978249.000000
125044298.000000
125110346.000000
125176392.000000
125242434.000000
125308377.000000
125374421.000000
125440467.000000
125506512.000000
125572555.000000
125638601.000000
125704643.000000
125770689.000000
125836734.000000
125902778.000000
125968724.000000
126034769.000000
126100814.000000
126166856.000000
126232901.000000
126298948.000000
126364990.000000
126431032.000000
126497075.000000
126563118.000000
126629164.000000
126695107.000000
126761152.000000
126827199.000000
126893247.000000
126959293.000000
127025338.000000
127091381.000000
127157428.000000
127223472.000000
127289416.000000
127355462.000000
127421507.000000
127487550.000000
127553594.000000
127619639.000000
127685683.000000
127751725.000000
127817771.000000
127883813.000000
127949757.000000
128015801.000000
128081847.000000
128147890.000000
128213933.000000
128279978.000000
128346024.000000
128412069.000000
128478114.000000
128544160.000000
128610104.000000
128676151.000000
128742196.000000
128808238.000000
128874284.000000
128940327.000000
129006372.000000
129072414.000000
129138462.000000
129204405.000000
129270450.000000
129336494.000000
129402536.000000
129468578.000000
129534624.000000
129600671.000000
129666714.000000
129732757.000000
129798802.000000
129864847.000000
129930792.000000
129996837.000000
130062878.000000
130128921.000000
130194965.000000
130261007.000000
130327052.000000
130393096.000000
130459143.000000
130525189.000000
130591233.000000
130657177.000000
130723220.000000
130789262.000000
130855202.000000
130921848.000000
130988398.000000
131054949.000000
131120995.000000
131187450.000000
131253495.000000
131319538.000000
131385583.000000
131451628.000000
131517676.000000
131583720.000000
131649764.000000
131715809.000000
131781755.000000
131847800.000000
131913845.000000
131979892.000000
132045936.000000
132111979.000000
132178022.000000
132244066.000000
132310109.000000
132376053.000000
132442097.000000
132508143.000000
132574184.000000
132640231.000000
132706279.000000
132772322.000000
132838370.000000
132904413.000000
132970456.000000
133036501.000000
133102445.000000
133168491.000000
133234537.000000
133235047.000000
133301092.000000
133367139.000000
133433697.000000
133499640.000000
133565687.000000
133631730.000000
133697775.000000
133763822.000000
133829866.000000
133895814.000000
133961967.000000
134028013.000000
134094058.000000
134160511.000000
134226560.000000
134292608.000000
134358655.000000
134424599.000000
134490748.000000
134556696.000000
134622741.000000
134688784.000000
134754827.000000
134820873.000000
134886917.000000
134952960.000000
135019006.000000
135085054.000000
135150999.000000
135216945.000000
135283618.000000
135349661.000000
135415707.000000
135481748.000000
135547797.000000
135613742.000000
135679789.000000
135745738.000000
135811886.000000
135878445.000000
135944905.000000
136011465.000000
136077513.000000
136144075.000000
136210024.000000
136276589.000000
136342641.000000
136408588.000000
136474740.000000
136541299.000000
136607245.000000
136673292.000000
136739337.000000
136805383.000000
136871428.000000
136937473.000000
137003516.000000
137069560.000000
137135601.000000
137201649.000000
137267591.000000
137333635.000000
137399678.000000
137465722.000000
137531766.000000
137597810.000000
137663852.000000
137729895.000000
137795937.000000
137861981.000000
137928026.000000
137994070.000000
138060015.000000
138126059.000000
138192103.000000
138258152.000000
138324197.000000
138390243.000000
138456188.000000
138522238.000000
138588392.000000
138654665.000000
138721427.000000
138787471.000000
138853415.000000
138919359.000000
138985414.000000
139051562.000000
139117609.000000
139183657.000000
139249699.000000
139315748.000000
139381692.000000
139447739.000000
139513785.000000
139579829.000000
139645874.000000
139711921.000000
139777964.000000
139844009.000000
139910054.000000
139975999.000000
140042044.000000
140108087.000000
140174132.000000
140240177.000000
140306221.000000
140372266.000000
140438310.000000
140504356.000000
140570405.000000
140636349.000000
140702397.000000
140768439.000000
140834484.000000
140900526.000000
140966569.000000
141032613.000000
141098656.000000
141099166.000000
141165211.000000
141231259.000000
141297203.000000
141363251.000000
141429296.000000
141495344.000000
141561290.000000
141627438.000000
141693481.000000
141759426.000000
141825471.000000
141891517.000000
141957562.000000
142023606.000000
142089651.000000
142156140.000000
142222624.000000
142288670.000000
142354816.000000
142420859.000000
142486803.000000
142552846.000000
142618891.000000
142684837.000000
142750783.000000
142816832.000000
142882985.000000
142949032.000000
143015077.000000
143081126.000000
143147173.000000
143213220.000000
143279167.000000
143345315.000000
143411258.000000
143477305.000000
143543351.000000
143609399.000000
143675444.000000
143741491.000000
143807540.000000
143873583.000000
143939628.000000
144005670.000000
144071717.000000
144137760.000000
144203704.000000
144269749.000000
144335792.000000
144401834.000000
144467879.000000
144533925.000000
144599968.000000
144666011.000000
144732053.000000
144798095.000000
144864138.000000
144930083.000000
144996127.000000
145062168.000000
145128212.000000
145194257.000000
145260303.000000
145326347.000000
145392498.000000
145458780.000000
145524830.000000
145590981.000000
145657024.000000
145723073.000000
145789529.000000
145855577.000000
145922135.000000
145988184.000000
146054133.000000
146120697.000000
146186744.000000
146252790.000000
146318838.000000
146384884.000000
146450830.000000
146516778.000000
146582932.000000
146648980.000000
146715029.000000
146781076.000000
146847122.000000
146913067.000000
146979216.000000
147045161.000000
147111311.000000
147177767.000000
147243812.000000
147309859.000000
147375905.000000
147441949.000000
147507992.000000
147574036.000000
147640080.000000
147706024.000000
147772068.000000
147838112.000000
147904157.000000
147970202.000000
148036248.000000
148102290.000000
148168334.000000
148234379.000000
148300421.000000
148366367.000000
148432410.000000
148498455.000000
148564497.000000
148630542.000000
148696588.000000
148762631.000000
148828675.000000
148894620.000000
148960767.000000
149026713.000000
149092759.000000
149158806.000000
149224850.000000
149290896.000000
149291402.000000
149357448.000000
149423494.000000
149489539.000000
149555583.000000
149621626.000000
149687572.000000
149753617.000000
149819663.000000
149885705.000000
149951752.000000
150017796.000000
150083842.000000
150149891.000000
150215938.000000
150281881.000000
150347926.000000
150413971.000000
150480016.000000
150546060.000000
150612106.000000
150678153.000000
150745145.000000
150811196.000000
150877243.000000
150943286.000000
151009332.000000
151075378.000000
151141533.000000
151208043.000000
151274901.000000
151341053.000000
151407205.000000
151473399.000000
151540068.000000
151606115.000000
151672166.000000
151738213.000000
151804158.000000
151870205.000000
151936251.000000
152002298.000000
152068343.000000
152134388.000000
152200434.000000
152266375.000000
152332427.000000
152398374.000000
152464324.000000
152530277.000000
152596487.000000
152662438.000000
152728483.000000
152794434.000000
152860542.000000
152927251.000000
152993297.000000
153059344.000000
153125391.000000
153191437.000000
153257480.000000
153323522.000000
153389569.000000
153455513.000000
153521559.000000
153587604.000000
153653651.000000
153719695.000000
153785743.000000
153851790.000000
153917836.000000
153983881.000000
154049824.000000
154115868.000000
154181912.000000
154247954.000000
154314002.000000
154380047.000000
154446090.000000
154512133.000000
154578177.000000
154644222.000000
154710267.000000
154776212.000000
154842259.000000
154908305.000000
154974351.000000
155040395.000000
155106441.000000
155172485.000000
155238532.000000
155304573.000000
155370516.000000
155436560.000000
155502605.000000
155568649.000000
155634693.000000
155700734.000000
155766782.000000
155832828.000000
155898871.000000
155964912.000000
156030955.000000
156096900.000000
156162942.000000
156228987.000000
156295035.000000
156361082.000000
156427127.000000
156493173.000000
156559219.000000
156625262.000000
156691207.000000
156757253.000000
156823296.000000
156889340.000000
156955384.000000
157021426.000000
157087470.000000
157153512.000000
157219556.000000
157285602.000000
157351645.000000
157352055.000000
157418096.000000
157484140.000000
157550184.000000
157616228.000000
157682274.000000
157748316.000000
157814359.000000
157880403.000000
157946449.000000
158012392.000000
158078440.000000
158144486.000000
158210530.000000
158276573.000000
158342617.000000
158408659.000000
158474704.000000
158540747.000000
158606791.000000
158672833.000000
158738777.000000
158804825.000000
158870870.000000
158936916.000000
159002962.000000
159069005.000000
159135048.000000
159201092.000000
159267138.000000
159333079.000000
159399125.000000
159465172.000000
159531216.000000
159597263.000000
159663306.000000
159729350.000000
159795394.000000
159861441.000000
159927485.000000
159993428.000000
160059472.000000
160125519.000000
160191564.000000
160257616.000000
160324178.000000
160390635.000000
160456682.000000
160522727.000000
160588773.000000
160654818.000000
160721278.000000
160787889.000000
160853938.000000
160920442.000000
160986485.000000
161052531.000000
161118575.000000
161184620.000000
161250662.000000
161316604.000000
161382646.000000
161448692.000000
161514736.000000
161580782.000000
161646822.000000
161712869.000000
161778919.000000
161844963.000000
161911010.000000
161977058.000000
162043004.000000
162109049.000000
162175098.000000
162241655.000000
162307601.000000
162373546.000000
162439599.000000
162505651.000000
162572275.000000
162638319.000000
162704365.000000
162770891.000000
162836935.000000
162903482.000000
162969425.000000
163036027.000000
163102070.000000
163168114.000000
163234159.000000
163300205.000000
163366247.000000
163432191.000000
163498240.000000
163564284.000000
163630327.000000
163696373.000000
163762415.000000
163828457.000000
163894498.000000
163960544.000000
164026588.000000
164092637.000000
164158681.000000
164224628.000000
164291630.000000
164358190.000000
164424233.000000
164490280.000000
164556323.000000
164622364.000000
164688411.000000
164754794.000000
164820942.000000
164886988.000000
164953031.000000
165019589.000000
165020606.000000
165086549.000000
165153067.000000
165219217.000000
165285679.000000
165352224.000000
165418171.000000
165484319.000000
165550366.000000
165616821.000000
165682870.000000
165748815.000000
165814762.000000
165881437.000000
165947380.000000
166013627.000000
166079569.000000
166146125.000000
166212481.000000
166278448.000000
166344624.000000
166410668.000000
166476816.000000
166542861.000000
166608906.000000
166674949.000000
166740996.000000
166807041.000000
166872984.000000
166939030.000000
167005073.000000
167071020.000000
167137067.000000
167203218.000000
167269161.000000
167335307.000000
167401251.000000
167467296.000000
167533341.000000
167599384.000000
167665427.000000
167731471.000000
167797516.000000
167863561.000000
167929605.000000
167995649.000000
168061592.000000
168127637.000000
168193680.000000
168259725.000000
168325771.000000
168391815.000000
168457758.000000
168523807.000000
168589853.000000
168655797.000000
168722532.000000
168788479.000000
168854529.000000
168920572.000000
168986621.000000
169052669.000000
169118968.000000
169185036.000000
169251181.000000
169317588.000000
169384307.000000
169450880.000000
169516824.000000
169582971.000000
169648912.000000
169714960.000000
169781006.000000
169847052.000000
169913577.000000
169979728.000000
170045822.000000
170112081.000000
170178127.000000
170244174.000000
170310839.000000
170377194.000000
170443869.000000
170509916.000000
170575963.000000
170642006.000000
170708053.000000
170774562.000000
170840609.000000
170907140.000000
170973087.000000
171039137.000000
171105185.000000
171171228.000000
171237270.000000
171303314.000000
171369363.000000
171435410.000000
171501454.000000
171567500.000000
171633953.000000
171699997.000000
171766038.000000
171832081.000000
171898128.000000
171964692.000000
172030638.000000
172096689.000000
172162736.000000
172163248.000000
172229293.000000
172295339.000000
172361384.000000
172427429.000000
172493475.000000
172559421.000000
172625463.000000
172691513.000000
172757458.000000
172823510.000000
172889558.000000
172955607.000000
173021656.000000
173087704.000000
173153653.000000
173219707.000000
173285655.000000
173351709.000000
173417860.000000
173483908.000000
173549951.000000
173616000.000000
173682045.000000
173748098.000000
173814658.000000
173881121.000000
173947171.000000
174013219.000000
174079776.000000
174145721.000000
174211765.000000
174278328.000000
174344378.000000
174410427.000000
174476371.000000
174542521.000000
174608569.000000
174674516.000000
174740559.000000
174806603.000000
174872645.000000
174938688.000000
175004731.000000
175070775.000000
175136817.000000
175202861.000000
175268905.000000
175334951.000000
175400893.000000
175466938.000000
175532987.000000
175599032.000000
175665075.000000
175731120.000000
175797162.000000
175863204.000000
175929154.000000
175995199.000000
176061254.000000
176127296.000000
176193341.000000
176259384.000000
176325427.000000
176391374.000000
176457522.000000
176523570.000000
176589516.000000
176655561.000000
176721606.000000
176788160.000000
176854205.000000
176920250.000000
176986296.000000
177052242.000000
177118184.000000
177184339.000000
177250383.000000
177316944.000000
177382891.000000
177448943.000000
177515091.000000
177581035.000000
177647083.000000
177713129.000000
177779175.000000
177845217.000000
177911161.000000
177977206.000000
178043254.000000
178109403.000000
178175852.000000
178241900.000000
178307944.000000
178373988.000000
178440031.000000
178506075.000000
178572117.000000
178638164.000000
178704207.000000
178770150.000000
178836192.000000
178902240.000000
178968289.000000
179034335.000000
179100382.000000
179166428.000000
179232474.000000
179298522.000000
179364468.000000
179430515.000000
179496670.000000
179563613.000000
179629659.000000
179695703.000000
179761747.000000
179827694.000000
179893743.000000
179959792.000000
180026349.000000
180092294.000000
180158445.000000
180158951.000000
180224896.000000
180290941.000000
180356986.000000
180423032.000000
180489076.000000
180555124.000000
180621567.000000
180687616.000000
180753665.000000
180819712.000000
180885759.000000
180952314.000000
181018361.000000
181084402.000000
181150446.000000
181216492.000000
181282539.000000
181348485.000000
181414532.000000
181480577.000000
181546623.000000
181612573.000000
181679243.000000
181745703.000000
181811752.000000
181877798.000000
181943740.000000
182009887.000000
182075833.000000
182141982.000000
182207924.000000
182273971.000000
182340017.000000
182406061.000000
182472109.000000
182538155.000000
182604202.000000
182670245.000000
182736288.000000
182802233.000000
182868281.000000
182934328.000000
183000377.000000
183066421.000000
183132467.000000
183198517.000000
183264466.000000
183330514.000000
183396561.000000
183463117.000000
183529161.000000
183595207.000000
183661153.000000
183727300.000000
183793348.000000
183859291.000000
183925338.000000
183991385.000000
184057428.000000
184123471.000000
184189513.000000
184255559.000000
184321601.000000
184387644.000000
184453686.000000
184519632.000000
184585675.000000
184651719.000000
184717761.000000
184783804.000000
184849848.000000
184915895.000000
184981938.000000
185047981.000000
185114027.000000
185180068.000000
185246010.000000
185312056.000000
185378097.000000
185444141.000000
185510189.000000
185576235.000000
185642281.000000
185708330.000000
185774376.000000
185840320.000000
185906364.000000
185972412.000000
186038457.000000
186104502.000000
186170546.000000
186236592.000000
186302635.000000
186368677.000000
186434722.000000
186500764.000000
186566710.000000
186632754.000000
186698800.000000
186764842.000000
186830889.000000
186896934.000000
186962977.000000
187029020.000000
187095063.000000
187161006.000000
187227049.000000
187293093.000000
187359136.000000
187425181.000000
187491227.000000
187557271.000000
187623314.000000
187689358.000000
187755400.000000
187821442.000000
187887385.000000
187953426.000000
188019469.000000
188085512.000000
188151558.000000
188217601.000000
188283646.000000
188349689.000000
188415730.000000
188416238.000000
188482281.000000
188548328.000000
188614271.000000
188680316.000000
188746358.000000
188812404.000000
188878449.000000
188944495.000000
189010537.000000
189076582.000000
189142624.000000
189208668.000000
189274612.000000
189340655.000000
189406699.000000
189472744.000000
189538790.000000
189604839.000000
189670882.000000
189736926.000000
189802971.000000
189868914.000000
189934957.000000
190001003.000000
190067049.000000
190133092.000000
190199137.000000
190265182.000000
190331232.000000
190397282.000000
190463538.000000
190529590.000000
190595638.000000
190661787.000000
190727935.000000
190793982.000000
190860029.000000
190926985.000000
190993035.000000
191059082.000000
191125130.000000
191191076.000000
191257221.000000
191323267.000000
191389212.000000
191455256.000000
191521300.000000
191587342.000000
191653387.000000
191719431.000000
191785473.000000
191851518.000000
191917562.000000
191983605.000000
192049551.000000
192115595.000000
192181640.000000
192247682.000000
192313727.000000
192379769.000000
192445814.000000
192511858.000000
192577902.000000
192643946.000000
192709892.000000
192775937.000000
192841983.000000
192908027.000000
192974070.000000
193040115.000000
193106159.000000
193172202.000000
193238244.000000
193304294.000000
193370341.000000
193436285.000000
193502327.000000
193568371.000000
193634414.000000
193700459.000000
193766501.000000
193832548.000000
193898595.000000
193964641.000000
194030584.000000
194096632.000000
194162676.000000
194228720.000000
194294763.000000
194360811.000000
194426855.000000
194492900.000000
194559863.000000
194625911.000000
194691957.000000
194758467.000000
194824510.000000
194890556.000000
194957097.000000
195023044.000000
195089192.000000
195155240.000000
195221695.000000
195287743.000000
195353788.000000
195419834.000000
195485883.000000
195551930.000000
195617874.000000
195683922.000000
195749868.000000
195815916.000000
195881963.000000
195948010.000000
196015182.000000
196081638.000000
196147684.000000
196213727.000000
196279772.000000
196345819.000000
196346328.000000
196412884.000000
196478832.000000
196544979.000000
196610927.000000
196676970.000000
196743018.000000
196809065.000000
196875115.000000
196941057.000000
197007106.000000
197073152.000000
197139198.000000
197205241.000000
197271291.000000
197337338.000000
197403387.000000
197469430.000000
197535474.000000
197601517.000000
197667563.000000
197733507.000000
197799554.000000
197865597.000000
197931642.000000
197997689.000000
198063737.000000
198129781.000000
198195828.000000
198261775.000000
198327821.000000
198393869.000000
198459911.000000
198525953.000000
198591997.000000
198658045.000000
198724514.000000
198790458.000000
198856608.000000
198922653.000000
198988699.000000
199055080.000000
199121129.000000
199187280.000000
199253325.000000
199319795.000000
199385944.000000
199451989.000000
199517935.000000
199583984.000000
199650026.000000
199716069.000000
199782223.000000
199848473.000000
199914620.000000
199980663.000000
200046710.000000
200112756.000000
200178800.000000
200244845.000000
200310890.000000
200376935.000000
200442976.000000
200509022.000000
200575068.000000
200641112.000000
200707054.000000
200773098.000000
200839143.000000
200905188.000000
200971233.000000
201037277.000000
201103320.000000
201169368.000000
201235413.000000
201301458.000000
201367404.000000
201433454.000000
201499501.000000
201565549.000000
201631594.000000
201697639.000000
201763585.000000
201829633.000000
201895678.000000
201961720.000000
202027768.000000
202093814.000000
202159861.000000
202225907.000000
202291950.000000
202357997.000000
202424043.000000
202489986.000000
202556030.000000
202622073.000000
202688119.000000
202754168.000000
202820210.000000
202886158.000000
202952305.000000
203018250.000000
203084292.000000
203150339.000000
203216383.000000
203282431.000000
203348481.000000
203415038.000000
203481085.000000
203547029.000000
203613076.000000
203679117.000000
203745159.000000
203811203.000000
203877251.000000
203943295.000000
204009340.000000
204075384.000000
204141429.000000
204207371.000000
204273419.000000
204339463.000000
204405510.000000
204471556.000000
204537604.000000
204538112.000000
204604155.000000
204670200.000000
204736143.000000
204802185.000000
204868231.000000
204934274.000000
205000321.000000
205066367.000000
205132413.000000
205198457.000000
205264503.000000
205330551.000000
205396498.000000
205462548.000000
205528595.000000
205594639.000000
205660686.000000
205726731.000000
205792779.000000
205858824.000000
205924770.000000
205990717.000000
206057387.000000
206123946.000000
206189888.000000
206255934.000000
206321983.000000
206388028.000000
206454074.000000
206520019.000000
206586170.000000
206652117.000000
206718267.000000
206784211.000000
206850260.000000
206916307.000000
206982352.000000
207048397.000000
207114441.000000
207180487.000000
207246532.000000
207312579.000000
207379029.000000
207445073.000000
207511119.000000
207577164.000000
207643212.000000
207709254.000000
207775296.000000
207841339.000000
207907386.000000
207973333.000000
208039380.000000
208105422.000000
208171467.000000
208237515.000000
208303558.000000
208369602.000000
208435645.000000
208501690.000000
208567735.000000
208633679.000000
208699721.000000
208765763.000000
208831806.000000
208897848.000000
208963891.000000
209029938.000000
209095983.000000
209162025.000000
209228074.000000
209294119.000000
209360572.000000
209426619.000000
209492771.000000
209559078.000000
209625027.000000
209691743.000000
209757790.000000
209823938.000000
209890214.000000
209956363.000000
210022410.000000
210088453.000000
210154500.000000
210221051.000000
210287096.000000
210353137.000000
210419181.000000
210485222.000000
210551165.000000
210617209.000000
210683255.000000
210749299.000000
210815343.000000
210881393.000000
210947950.000000
211013995.000000
211079942.000000
211145988.000000
211212033.000000
211278080.000000
211344126.000000
211410170.000000
211476212.000000
211542260.000000
211608307.000000
211674249.000000
211740294.000000
211806340.000000
211872289.000000
211938438.000000
212004484.000000
212071046.000000
212137092.000000
212203038.000000
212269088.000000
212335134.000000
212401180.000000
212467222.000000
212533169.000000
212533579.000000
212599527.000000
212666171.000000
212732317.000000
212798267.000000
212864418.000000
212930362.000000
212996514.000000
213062968.000000
213129017.000000
213195581.000000
213261526.000000
213327580.000000
213393628.000000
213459676.000000
213525723.000000
213591769.000000
213657817.000000
213723761.000000
213789914.000000
213855958.000000
213922000.000000
213988471.000000
214055021.000000
214121575.000000
214188127.000000
214254173.000000
214320118.000000
214386163.000000
214452207.000000
214518250.000000
214584293.000000
214650339.000000
214716382.000000
214782425.000000
214848467.000000
214914515.000000
214980459.000000
215046503.000000
215112544.000000
215178587.000000
215244631.000000
215310678.000000
215376723.000000
215442667.000000
215508814.000000
215574860.000000
215640906.000000
215707358.000000
215773404.000000
215839449.000000
215905495.000000
215971439.000000
216037590.000000
216103634.000000
216169577.000000
216235625.000000
216301668.000000
216368230.000000
216434176.000000
216500326.000000
216566369.000000
216632313.000000
216698360.000000
216764920.000000
216830965.000000
216897012.000000
216963061.000000
217029106.000000
217095048.000000
217161092.000000
217227136.000000
217293182.000000
217359224.000000
217425270.000000
217491316.000000
217557362.000000
217623407.000000
217689819.000000
217755764.000000
217822016.000000
217888066.000000
217954008.000000
218020051.000000
218086093.000000
218152140.000000
218218194.000000
218284759.000000
218350804.000000
218417257.000000
218483306.000000
218549867.000000
218615908.000000
218682365.000000
218748411.000000
218814459.000000
218880504.000000
218946552.000000
219012598.000000
219078643.000000
219144689.000000
219210731.000000
219276778.000000
219342723.000000
219408765.000000
219474807.000000
219540852.000000
219606899.000000
219672944.000000
219738990.000000
219805034.000000
219871077.000000
219937120.000000
220003568.000000
220069611.000000
220070119.000000
220136684.000000
220202628.000000
220268774.000000
220334723.000000
220401146.000000
220467822.000000
220533872.000000
220599818.000000
220665866.000000
220732014.000000
220798059.000000
220864003.000000
220930049.000000
220996093.000000
221062140.000000
221128185.000000
221194231.000000
221260175.000000
221326324.000000
221392271.000000
221458322.000000
221524372.000000
221590415.000000
221656462.000000
221722407.000000
221788456.000000
221854406.000000
221920458.000000
221987127.000000
222053173.000000
222119220.000000
222185262.000000
222251309.000000
222317355.000000
222383296.000000
222449341.000000
222515384.000000
222581428.000000
222647475.000000
222713520.000000
222779568.000000
222845612.000000
222911556.000000
222977504.000000
223043554.000000
223109703.000000
223175751.000000
223241696.000000
223307844.000000
223373889.000000
223439932.000000
223505875.000000
223571923.000000
223637969.000000
223704012.000000
223770060.000000
223836108.000000
223902154.000000
223968197.000000
224034244.000000
224100190.000000
224166234.000000
224232278.000000
224298324.000000
224364370.000000
224430417.000000
224496462.000000
224562507.000000
224628552.000000
224694497.000000
224760543.000000
224826590.000000
224892635.000000
224958680.000000
225024726.000000
225091285.000000
225157748.000000
225223794.000000
225289844.000000
225355890.000000
225421936.000000
225487980.000000
225554023.000000
225620065.000000
225686111.000000
225752056.000000
225818098.000000
225884143.000000
225950190.000000
226016234.000000
226082281.000000
226148327.000000
226214369.000000
226280413.000000
226346454.000000
226412399.000000
226478446.000000
226544626.000000
226610928.000000
226677459.000000
226743502.000000
226809889.000000
226875918.000000
226942584.000000
227008631.000000
227074679.000000
227140826.000000
227206870.000000
227272912.000000
227338958.000000
227404902.000000
227470850.000000
227537542.000000
227604546.000000
227671105.000000
227737586.000000
227738096.000000
227804514.000000
227871217.000000
227937163.000000
228003212.000000
228070252.000000
228136300.000000
228202248.000000
228268397.000000
228335432.000000
228401903.000000
228467951.000000
228534412.000000
228600460.000000
228667117.000000
228733164.000000
228799111.000000
228865159.000000
228931204.000000
228997251.000000
229063297.000000
229129859.000000
229195805.000000
229262402.000000
229328449.000000
229394492.000000
229460953.000000
229526999.000000
229593048.000000
229659092.000000
229725039.000000
229791191.000000
229857238.000000
229923182.000000
229989226.000000
230055268.000000
230121311.000000
230187356.000000
230253740.000000
230320410.000000
230386456.000000
230452501.000000
230518547.000000
230584596.000000
230650540.000000
230716692.000000
230783155.000000
230849203.000000
230915758.000000
230981802.000000
231047848.000000
231113893.000000
231179836.000000
231246373.000000
231312317.000000
231378874.000000
231444922.000000
231511385.000000
231578071.000000
231644116.000000
231710160.000000
231776102.000000
231842252.000000
231908297.000000
231974240.000000
232040287.000000
232106860.000000
232172909.000000
232239367.000000
232305928.000000
232371979.000000
232438541.000000
232505110.000000
232571054.000000
232637097.000000
232703139.000000
232769182.000000
232835225.000000
232901269.000000
232967315.000000
233033359.000000
233099818.000000
233166273.000000
233232921.000000
233298966.000000
233365013.000000
233431056.000000
233497102.000000
233563150.000000
233629193.000000
233695138.000000
233761184.000000
233827226.000000
233893274.000000
233959319.000000
234025365.000000
234091313.000000
234157461.000000
234223406.000000
234289449.000000
234355492.000000
234421539.000000
234487483.000000
234487998.000000
234554658.000000
234620603.000000
234686647.000000
234752693.000000
234818739.000000
234884784.000000
234950829.000000
235016873.000000
235082815.000000
235149403.000000
235215852.000000
235282485.000000
235348430.000000
235414582.000000
235480625.000000
235546670.000000
235612614.000000
235678663.000000
235745016.000000
235811644.000000
235878342.000000
235944286.000000
236010848.000000
236077320.000000
236143266.000000
236209413.000000
236275458.000000
236341505.000000
236407550.000000
236473593.000000
236539638.000000
236606204.000000
236672659.000000
236738607.000000
236804656.000000
236871316.000000
236937787.000000
237004356.000000
237070306.000000
237136355.000000
237202401.000000
237268449.000000
237335014.000000
237401574.000000
237467623.000000
237533670.000000
237599617.000000
237665664.000000
237731708.000000
237797753.000000
237863796.000000
237929845.000000
237995891.000000
238061936.000000
238127980.000000
238194022.000000
238260068.000000
238326011.000000
238392058.000000
238458102.000000
238524147.000000
238590191.000000
238656236.000000
238722280.000000
238788324.000000
238854368.000000
238920313.000000
238986367.000000
239052315.000000
239118369.000000
239184422.000000
239250577.000000
239317036.000000
239383083.000000
239449133.000000
239515182.000000
239581228.000000
239647277.000000
239713321.000000
239779367.000000
239845311.000000
239911357.000000
239977406.000000
240043454.000000
240109501.000000
240175544.000000
240241587.000000
240307631.000000
240373575.000000
240439621.000000
240505669.000000
240571714.000000
240637759.000000
240703805.000000
240769850.000000
240835893.000000
240901939.000000
240967982.000000
241033923.000000
241099967.000000
241166012.000000
241232058.000000
241298102.000000
241364143.000000
241430188.000000
241496233.000000
241562276.000000
241628322.000000
241694267.000000
241760312.000000
241826357.000000
241892401.000000
241958447.000000
241958956.000000
242025000.000000
242091047.000000
242157092.000000
242223037.000000
242288985.000000
242355138.000000
242421084.000000
242487228.000000
242553172.000000
242619325.000000
242685778.000000
242751828.000000
242817875.000000
242883920.000000
242949965.000000
243016009.000000
243082053.000000
243148095.000000
243214138.000000
243280183.000000
243346129.000000
243412173.000000
243478218.000000
243544266.000000
243610308.000000
243676352.000000
243742398.000000
243808440.000000
243874481.000000
243940524.000000
244006465.000000
244072514.000000
244138558.000000
244204602.000000
244270648.000000
244336691.000000
244402740.000000
244468783.000000
244534823.000000
244600774.000000
244666721.000000
244732669.000000
244798920.000000
244864965.000000
244930910.000000
244997060.000000
245063619.000000
245129565.000000
245195613.000000
245261659.000000
245327704.000000
245393746.000000
245459692.000000
245525843.000000
245591789.000000
245657834.000000
245723877.000000
245789921.000000
245855965.000000
245922013.000000
245988056.000000
246054100.000000
246120143.000000
246186090.000000
246252138.000000
246318183.000000
246384232.000000
246450278.000000
246516321.000000
246582369.000000
246648315.000000
246714468.000000
246780512.000000
246846967.000000
246913013.000000
246979057.000000
247045102.000000
247111144.000000
247177088.000000
247243237.000000
247309180.000000
247375230.000000
247441275.000000
247507318.000000
247573365.000000
247639312.000000
247705458.000000
247771502.000000
247837552.000000
247903599.000000
247969542.000000
248035591.000000
248101639.000000
248167685.000000
248233730.000000
248299773.000000
248365818.000000
248431863.000000
248497906.000000
248563853.000000
248629900.000000
248695943.000000
248761990.000000
248828034.000000
248894593.000000
248960636.000000
249026578.000000
249092630.000000
249159186.000000
249225233.000000
249291278.000000
249357324.000000
249423270.000000
249489418.000000
249555364.000000
249621408.000000
249687458.000000
249753505.000000
249819549.000000
249885594.000000
249951639.000000
250017682.000000
250083726.000000
250149672.000000
250215714.000000
250281756.000000
250282264.000000
250348309.000000
250414356.000000
250480401.000000
250546446.000000
250612490.000000
250678534.000000
250744477.000000
250810519.000000
250876562.000000
250942606.000000
251008653.000000
251074696.000000
251140743.000000
251207305.000000
251273773.000000
251339823.000000
251405869.000000
251471916.000000
251537961.000000
251604003.000000
251670046.000000
251736089.000000
251802538.000000
251868585.000000
251935089.000000
252001245.000000
252067611.000000
252134269.000000
252200724.000000
252266775.000000
252333126.000000
252399835.000000
252465883.000000
252532475.000000
252598932.000000
252664975.000000
252731021.000000
252797066.000000
252863117.000000
252929159.000000
252995203.000000
253061245.000000
253127289.000000
253193234.000000
253259277.000000
253325323.000000
253391366.000000
253457412.000000
253523457.000000
253589505.000000
253655551.000000
253721597.000000
253787541.000000
253853585.000000
253919630.000000
253985674.000000
254051718.000000
254117762.000000
254183809.000000
254249856.000000
254315903.000000
254381848.000000
254447897.000000
254513844.000000
254579790.000000
254646585.000000
254712527.000000
254778573.000000
254844623.000000
254910671.000000
254977140.000000
255043290.000000
255109554.000000
255175845.000000
255241890.000000
255307835.000000
255374395.000000
255440955.000000
255507000.000000
255573048.000000
255639093.000000
255705452.000000
255772137.000000
255838183.000000
255904229.000000
255970177.000000
256036229.000000
256102176.000000
256168329.000000
256234893.000000
256300942.000000
256366886.000000
256432933.000000
256498980.000000
256565027.000000
256631074.000000
256697118.000000
256763570.000000
256830084.000000
256896131.000000
256962690.000000
257028738.000000
257094783.000000
257161350.000000
257227397.000000
257293854.000000
257294360.000000
257360406.000000
257426457.000000
257492500.000000
257558546.000000
257624594.000000
257691147.000000
257757605.000000
257824163.000000
257890717.000000
257956763.000000
258022809.000000
258088854.000000
258155294.000000
258221342.000000
258287854.000000
258353799.000000
258419948.000000
258485993.000000
258551938.000000
258618089.000000
258684239.000000
258750615.000000
258816662.000000
258882705.000000
258948752.000000
259014797.000000
259080844.000000
259146888.000000
259212831.000000
259278878.000000
259344919.000000
259410961.000000
259477002.000000
259543046.000000
259609089.000000
259675133.000000
259741176.000000
259807222.000000
259873265.000000
259939212.000000
260005257.000000
260071303.000000
260137350.000000
260203394.000000
260269439.000000
260335485.000000
260401968.000000
260468422.000000
260534471.000000
260600516.000000
260666663.000000
260732710.000000
260798753.000000
260864700.000000
260930746.000000
260996791.000000
261062836.000000
261129377.000000
261195911.000000
261261959.000000
261328004.000000
261394050.000000
261460097.000000
261526039.000000
261592082.000000
261658125.000000
261724170.000000
261790213.000000
261857215.000000
261923261.000000
261989305.000000
262055348.000000
262121392.000000
262187340.000000
262253858.000000
262319906.000000
262386055.000000
262452102.000000
262517946.000000
262584432.000000
262651143.000000
262717192.000000
262783139.000000
262849192.000000
262915238.000000
262981384.000000
263047329.000000
263113373.000000
263179416.000000
263245460.000000
263311503.000000
263377547.000000
263443495.000000
263509449.000000
263575701.000000
263641645.000000
263707695.000000
263773741.000000
263839786.000000
263905831.000000
263971873.000000
264037917.000000
264103964.000000
264169906.000000
264235952.000000
264301996.000000
264368040.000000
264434525.000000
264500471.000000
264566618.000000
264632664.000000
264698708.000000
264764758.000000
264830804.000000
264831315.000000
264897359.000000
264963402.000000
265029448.000000
265095394.000000
265161441.000000
265227486.000000
265293640.000000
265360354.000000
265426310.000000
265493097.000000
265559148.000000
265625201.000000
265691760.000000
265757807.000000
265823853.000000
265889794.000000
265955839.000000
266021887.000000
266087931.000000
266153976.000000
266220025.000000
266285970.000000
266352120.000000
266418165.000000
266484109.000000
266550153.000000
266616200.000000
266682247.000000
266748293.000000
266814236.000000
266880386.000000
266946433.000000
267012379.000000
267078424.000000
267144469.000000
267210513.000000
267276558.000000
267342604.000000
267408651.000000
267474695.000000
267540641.000000
267606785.000000
267672727.000000
267738773.000000
267804823.000000
267870868.000000
267936915.000000
268002959.000000
268069004.000000
268135049.000000
268200991.000000
268267144.000000
268333087.000000
268399139.000000
268465187.000000
268531235.000000
268597284.000000
268663327.000000
268729371.000000
268795829.000000
268861876.000000
268927926.000000
268993975.000000
269060023.000000
269126067.000000
269192110.000000
269258056.000000
269324106.000000
269390672.000000
269456619.000000
269522768.000000
269588711.000000
269654758.000000
269720804.000000
269786849.000000
269852898.000000
269918947.000000
269984994.000000
270051041.000000
270117087.000000
270183133.000000
270249078.000000
270315124.000000
270381172.000000
270447119.000000
270513171.000000
270579828.000000
270646293.000000
270713279.000000
270779910.000000
270846374.000000
270912945.000000
270979523.000000
271046003.000000
271112574.000000
271179050.000000
271245630.000000
271312115.000000
271378696.000000
271445175.000000
271511744.000000
271578314.000000
271644780.000000
271710732.000000
271776683.000000
271842634.000000
271908583.000000
271909077.000000
271975107.000000
272041160.000000
272107179.000000
272173216.000000
272239236.000000
272305274.000000
272371302.000000
272437334.000000
272503376.000000
272569419.000000
272635461.000000
272701469.000000
272767511.000000
272833546.000000
272899595.000000
272965615.000000
273031647.000000
273097680.000000
273163723.000000
273229754.000000
273295789.000000
273361828.000000
273427857.000000
273493889.000000
273559938.000000
273625962.000000
273691993.000000
273758031.000000
273824079.000000
273890932.000000
273957503.000000
274023453.000000
274089400.000000
274156077.000000
274222650.000000
274289218.000000
274355679.000000
274421626.000000
274487579.000000
274554279.000000
274620850.000000
274687417.000000
274753886.000000
274820462.000000
274887029.000000
274953493.000000
275020065.000000
275086539.000000
275153109.000000
275219159.000000
275285727.000000
275352193.000000
275418141.000000
275484089.000000
275551343.000000
275617802.000000
275683749.000000
275750427.000000
275816996.000000
275883461.000000
275950030.000000
276015979.000000
276082129.000000
276148582.000000
276214624.000000
276280671.000000
276346720.000000
276412763.000000
276478810.000000
276544853.000000
276610898.000000
276676842.000000
276742887.000000
276808933.000000
276874976.000000
276941020.000000
277006964.000000
277073016.000000
277139161.000000
277205210.000000
277271154.000000
277337201.000000
277403246.000000
277469290.000000
277535338.000000
277601895.000000
277667839.000000
277733987.000000
277799931.000000
277865979.000000
277932022.000000
277998066.000000
278064110.000000
278130056.000000
278196206.000000
278262254.000000
278328296.000000
278394342.000000
278460793.000000
278526840.000000
278592884.000000
278658929.000000
278659440.000000
278725485.000000
278791528.000000
278857574.000000
278924030.000000
278990075.000000
279056122.000000
279122651.000000
279188596.000000
279254746.000000
279320792.000000
279386838.000000
279452784.000000
279518833.000000
279584877.000000
279650927.000000
279716973.000000
279783020.000000
279849064.000000
279915110.000000
279981152.000000
280047095.000000
280113140.000000
280179184.000000
280245229.000000
280311281.000000
280377324.000000
280443272.000000
280509423.000000
280575469.000000
280641924.000000
280708212.000000
280774374.000000
280840526.000000
280906572.000000
280972620.000000
281038667.000000
281104710.000000
281170654.000000
281236706.000000
281302652.000000
281368805.000000
281434852.000000
281500897.000000
281566943.000000
281632988.000000
281698933.000000
281764985.000000
281831036.000000
281896982.000000
281963128.000000
282029177.000000
282095226.000000
282161379.000000
282228235.000000
282294284.000000
282360229.000000
282426177.000000
282492229.000000
282558934.000000
282625506.000000
282691974.000000
282758542.000000
282825115.000000
282891583.000000
282958153.000000
283024719.000000
283091187.000000
283157137.000000
283223089.000000
283289771.000000
283356344.000000
283422915.000000
283489379.000000
283555329.000000
283621276.000000
283687227.000000
283753176.000000
283819193.000000
283885225.000000
283951264.000000
284017302.000000
284083331.000000
284149364.000000
284215414.000000
284281433.000000
284347483.000000
284413505.000000
284479553.000000
284545588.000000
284612485.000000
284679060.000000
284746071.000000
284812367.000000
284878821.000000
284945528.000000
285012201.000000
285078763.000000
285145225.000000
285211274.000000
285277323.000000
285343373.000000
285343783.000000
285409932.000000
285475980.000000
285542434.000000
285608480.000000
285674527.000000
285740571.000000
285806617.000000
285872663.000000
285938708.000000
286004655.000000
286070706.000000
286136753.000000
286202799.000000
286269363.000000
286335825.000000
286401773.000000
286467726.000000
286533680.000000
286599630.000000
286665654.000000
286731690.000000
286797719.000000
286863763.000000
286929790.000000
286995833.000000
287062033.000000
287128759.000000
287194711.000000
287260658.000000
287326607.000000
287392558.000000
287458561.000000
287524614.000000
287590633.000000
287657541.000000
287724114.000000
287790582.000000
287856535.000000
287923213.000000
287989686.000000
288056260.000000
288122831.000000
288189291.000000
288255346.000000
288321913.000000
288388377.000000
288454946.000000
288521001.000000
288587169.000000
288653603.000000
288720575.000000
288787109.000000
288853447.000000
288919568.000000
288985867.000000
289052293.000000
289118863.000000
289185735.000000
289251793.000000
289317792.000000
289384081.000000
289450568.000000
289517445.000000
289584014.000000
289650583.000000
289717053.000000
289783622.000000
289850192.000000
289916666.000000
289982618.000000
290049298.000000
290115768.000000
290182338.000000
290248803.000000
290314863.000000
290381431.000000
290447378.000000
290513429.000000
290579483.000000
290645527.000000
290712088.000000
290778644.000000
290844689.000000
290910733.000000
290976679.000000
291042726.000000
291108773.000000
291175680.000000
291241631.000000
291242304.000000
291308351.000000
291374396.000000
291440543.000000
291506587.000000
291572632.000000
291638678.000000
291704724.000000
291771182.000000
291837227.000000
291903167.000000
291969551.000000
292035723.000000
292102356.000000
292168907.000000
292235460.000000
