56645.000000
58119.000000
59625.000000
60132.000000
62070.000000
62974.000000
63959.000000
64367.000000
67062.000000
133468.000000
200057.000000
266000.000000
333042.000000
399085.000000
466812.000000
533791.000000
601355.000000
667402.000000
734227.000000
800270.000000
867269.000000
933963.000000
999906.000000
1068036.000000
1134558.000000
1201599.000000
1267542.000000
1335205.000000
1401247.000000
1468125.000000
1535777.000000
1602874.000000
1670368.000000
1737545.000000
1804453.000000
1870392.000000
1938522.000000
2006049.000000
2073096.000000
2139142.000000
2206038.000000
2271978.000000
2340205.000000
2407753.000000
2473797.000000
2540598.000000
2606640.000000
2674994.000000
2742469.000000
2809413.000000
2875457.000000
2942288.000000
3009492.000000
3076509.000000
3144069.000000
3146013.000000
3212455.000000
3278498.000000
3344881.000000
3413533.000000
3481367.000000
3548294.000000
3615246.000000
3681697.000000
3747643.000000
3814750.000000
3882392.000000
3950375.000000
4016318.000000
4083376.000000
4151078.000000
4218545.000000
4285577.000000
4351518.000000
4417809.000000
4486219.000000
4553174.000000
4620256.000000
4686296.000000
4755870.000000
4822876.000000
4889894.000000
4955837.000000
5023966.000000
5089908.000000
5156874.000000
5224085.000000
5291023.000000
5357460.000000
5423502.000000
5491639.000000
5559704.000000
5625659.000000
5693742.000000
5759794.000000
5828373.000000
5895454.000000
5898319.000000
5964738.000000
6031890.000000
6098959.000000
6166448.000000
6233982.000000
6300385.000000
6368025.000000
6434068.000000
6500977.000000
6568133.000000
6635683.000000
6703216.000000
6771193.000000
6838774.000000
6904817.000000
6971665.000000
7039417.000000
7106420.000000
7173905.000000
7241469.000000
7307412.000000
7373679.000000
7443519.000000
7509563.000000
7577153.000000
7643095.000000
7709445.000000
7776003.000000
7842535.000000
7909008.000000
7977332.000000
8045227.000000
8112420.000000
8179433.000000
8245477.000000
8313517.000000
8380961.000000
8448106.000000
8515561.000000
8583089.000000
8649498.000000
8651644.000000
8718699.000000
8785694.000000
8853570.000000
8920749.000000
8988268.000000
9055792.000000
9123378.000000
9190392.000000
9257447.000000
9326428.000000
9393573.000000
9460961.000000
9528304.000000
9595540.000000
9662037.000000
9728464.000000
9796144.000000
9863714.000000
9931146.000000
9997090.000000
10065304.000000
10131247.000000
10199365.000000
10266412.000000
10333861.000000
10400301.000000
10466831.000000
10534505.000000
10601484.000000
10669008.000000
10736608.000000
10803614.000000
10870103.000000
10937141.000000
11003186.000000
11070108.000000
11137735.000000
11205333.000000
11206788.000000
11273792.000000
11341766.000000
11408951.000000
11475338.000000
11542443.000000
11608857.000000
11676029.000000
11744002.000000
11809948.000000
11876995.000000
11944200.000000
12011690.000000
12078126.000000
12144588.000000
12210533.000000
12278792.000000
12344834.000000
12411185.000000
12479375.000000
12545423.000000
12612324.000000
12679455.000000
12745396.000000
12813072.000000
12879013.000000
12946023.000000
13013206.000000
13080212.000000
13148723.000000
13214669.000000
13282890.000000
13350339.000000
13416283.000000
13483871.000000
13550887.000000
13618429.000000
13684832.000000
13752547.000000
13818591.000000
13886622.000000
13952565.000000
14018896.000000
14085480.000000
14152014.000000
14218468.000000
14221710.000000
14289296.000000
14355732.000000
14422771.000000
14491363.000000
14559306.000000
14626874.000000
14693408.000000
14759945.000000
14826523.000000
14893079.000000
14961129.000000
15027615.000000
15094142.000000
15160678.000000
15227206.000000
15294116.000000
15360927.000000
15427323.000000
15493265.000000
15560861.000000
15627775.000000
15695441.000000
15761968.000000
15828461.000000
15895011.000000
15961515.000000
16028043.000000
16094677.000000
16162621.000000
16229243.000000
16295730.000000
16362705.000000
16429666.000000
16496301.000000
16562841.000000
16629340.000000
16695866.000000
16762501.000000
16828992.000000
16895520.000000
16962105.000000
17028589.000000
17095122.000000
17161649.000000
17228285.000000
17294672.000000
17361200.000000
17428159.000000
17496307.000000
17563213.000000
17629158.000000
17631714.000000
17698357.000000
17764985.000000
17831473.000000
17898004.000000
17964538.000000
18031078.000000
18097616.000000
18163558.000000
18231221.000000
18297725.000000
18364262.000000
18430203.000000
18496930.000000
18564776.000000
18631407.000000
18697899.000000
18764423.000000
18832934.000000
18901004.000000
18967532.000000
19034149.000000
19100554.000000
19167101.000000
19233604.000000
19300159.000000
19366673.000000
19433200.000000
19499735.000000
19566686.000000
19633310.000000
19700240.000000
19768399.000000
19835301.000000
19901916.000000
19967862.000000
20035584.000000
20102596.000000
20169110.000000
20235628.000000
20302114.000000
20368155.000000
20435773.000000
20501716.000000
20568433.000000
20636688.000000
20702629.000000
20771892.000000
20838457.000000
20905892.000000
20907409.000000
20973350.000000
21041326.000000
21108041.000000
21174668.000000
21241157.000000
21307641.000000
21374182.000000
21440702.000000
21506745.000000
21575308.000000
21643244.000000
21709779.000000
21776314.000000
21842842.000000
21909788.000000
21976503.000000
22042995.000000
22108937.000000
22176542.000000
22243043.000000
22309625.000000
22376119.000000
22442739.000000
22508679.000000
22575390.000000
22643245.000000
22709768.000000
22776717.000000
22843351.000000
22910290.000000
22976990.000000
23043835.000000
23110475.000000
23177417.000000
23244047.000000
23310565.000000
23376608.000000
23443443.000000
23510701.000000
23577230.000000
23643653.000000
23710350.000000
23776846.000000
23843386.000000
23909920.000000
23976432.000000
24043938.000000
24109981.000000
24177493.000000
24244434.000000
24311139.000000
24377630.000000
24443576.000000
24446025.000000
24512735.000000
24579220.000000
24645709.000000
24713246.000000
24779770.000000
24846306.000000
24913249.000000
24979938.000000
25045879.000000
25113825.000000
25180869.000000
25246812.000000
25314889.000000
25381602.000000
25448083.000000
25514716.000000
25581203.000000
25647245.000000
25715118.000000
25781790.000000
25848303.000000
25914830.000000
25981349.000000
26047975.000000
26113916.000000
26181447.000000
26248072.000000
26314566.000000
26381055.000000
26447583.000000
26514117.000000
26580845.000000
26648192.000000
26716246.000000
26782734.000000
26849675.000000
26916365.000000
26982892.000000
27050364.000000
27116997.000000
27183478.000000
27250008.000000
27316540.000000
27383457.000000
27449399.000000
27517186.000000
27583717.000000
27650206.000000
27717107.000000
27783049.000000
27850841.000000
27917344.000000
27983866.000000
27984820.000000
28051347.000000
28117974.000000
28184018.000000
28251598.000000
28317979.000000
28384925.000000
28452604.000000
28518545.000000
28586110.000000
28653045.000000
28719722.000000
28786357.000000
28852744.000000
28919687.000000
28986393.000000
29052336.000000
29119870.000000
29186393.000000
29252939.000000
29318984.000000
29386546.000000
29453391.000000
29519335.000000
29587192.000000
29653136.000000
29720664.000000
29787189.000000
29853820.000000
29921752.000000
29988694.000000
30055742.000000
30122350.000000
30188393.000000
30256010.000000
30322998.000000
30389536.000000
30456056.000000
30522580.000000
30589075.000000
30655705.000000
30721647.000000
30789175.000000
30855218.000000
30922840.000000
30990269.000000
31057353.000000
31123889.000000
31191429.000000
31257977.000000
31324474.000000
31390961.000000
31392052.000000
31457995.000000
31525528.000000
31592470.000000
31659187.000000
31725650.000000
31792231.000000
31858172.000000
31925820.000000
31992303.000000
32059148.000000
32125867.000000
32192393.000000
32258887.000000
32325822.000000
32392499.000000
32459129.000000
32526547.000000
32592998.000000
32659661.000000
32726173.000000
32793730.000000
32859670.000000
32927619.000000
32993559.000000
33061350.000000
33127869.000000
33194400.000000
33260917.000000
33327460.000000
33393801.000000
33461441.000000
33528662.000000
33596117.000000
33664093.000000
33732082.000000
33799047.000000
33865664.000000
33931708.000000
34000736.000000
34067290.000000
34134792.000000
34201900.000000
34268869.000000
34336490.000000
34402904.000000
34469478.000000
34535521.000000
34537537.000000
34604049.000000
34669991.000000
34737595.000000
34803642.000000
34871179.000000
34937125.000000
35004726.000000
35071636.000000
35138261.000000
35204786.000000
35271311.000000
35338363.000000
35405082.000000
35471464.000000
35538309.000000
35605033.000000
35671563.000000
35738138.000000
35805139.000000
35871630.000000
35937573.000000
36005180.000000
36071732.000000
36138286.000000
36204783.000000
36272310.000000
36338929.000000
36405378.000000
36471967.000000
36539512.000000
36605852.000000
36672558.000000
36739087.000000
36805615.000000
36872184.000000
36938695.000000
37006249.000000
37073779.000000
37139721.000000
37207287.000000
37273788.000000
37340739.000000
37407357.000000
37473922.000000
37540433.000000
37606947.000000
37673481.000000
37740111.000000
37807636.000000
37875595.000000
37942537.000000
38008481.000000
38076253.000000
38076658.000000
38144238.000000
38210789.000000
38277332.000000
38343273.000000
38410119.000000
38477118.000000
38544189.000000
38611982.000000
38678505.000000
38745055.000000
38811678.000000
38878074.000000
38944116.000000
39011676.000000
39078245.000000
39144780.000000
39212717.000000
39279245.000000
39345287.000000
39413231.000000
39479736.000000
39545681.000000
39613450.000000
39679965.000000
39746479.000000
39813529.000000
39879747.000000
