13397.000000
14106.000000
15121.000000
16136.000000
17152.000000
18165.000000
19184.000000
19695.000000
20102.000000
21191.000000
22107.000000
23222.000000
24137.000000
25153.000000
26065.000000
27078.000000
27789.000000
28706.000000
29624.000000
30644.000000
31558.000000
32570.000000
33077.000000
35262.000000
35711.000000
36119.000000
36527.000000
37129.000000
37558.000000
37967.000000
38545.000000
39297.000000
40532.000000
41549.000000
42565.000000
43585.000000
44604.000000
45518.000000
46531.000000
47549.000000
48566.000000
49073.000000
49581.000000
50088.000000
50495.000000
51001.000000
51508.000000
52017.000000
52626.000000
53032.000000
53538.000000
54044.000000
54552.000000
55060.000000
55570.000000
55975.000000
56484.000000
56990.000000
57499.000000
58008.000000
58616.000000
59023.000000
59532.000000
60040.000000
60550.000000
60956.000000
61465.000000
61972.000000
62481.000000
62989.000000
63597.000000
64005.000000
64514.000000
65020.000000
65527.000000
66038.000000
132084.000000
198024.000000
264072.000000
330117.000000
396263.000000
462203.000000
528246.000000
594289.000000
660334.000000
726378.000000
792321.000000
858366.000000
924410.000000
990452.000000
1056495.000000
1122538.000000
1188582.000000
1254624.000000
1320665.000000
1386708.000000
1452751.000000
1518693.000000
1584736.000000
1650777.000000
1716820.000000
1782864.000000
1848912.000000
1914960.000000
1981008.000000
2046955.000000
2113102.000000
2179561.000000
2245610.000000
2311759.000000
2377704.000000
2443749.000000
2510307.000000
2576776.000000
2642920.000000
2708861.000000
2775431.000000
2841892.000000
2908043.000000
2974094.000000
3040556.000000
3107014.000000
3173058.000000
3239104.000000
3305149.000000
3371198.000000
3437239.000000
3503796.000000
3569839.000000
3635884.000000
3701927.000000
3768376.000000
3834420.000000
3900465.000000
3966509.000000
4032553.000000
4098601.000000
4165058.000000
4231103.000000
4297151.000000
4363196.000000
4429242.000000
4495286.000000
4561844.000000
4627794.000000
4693842.000000
4759890.000000
4826041.000000
4892504.000000
4958553.000000
5024699.000000
5091048.000000
5157097.000000
5223249.000000
5289195.000000
5355766.000000
5422216.000000
5488270.000000
5554222.000000
5620377.000000
5686420.000000
5752372.000000
5818326.000000
5884474.000000
5950520.000000
6016667.000000
6082609.000000
6148555.000000
6214702.000000
6280747.000000
6346691.000000
6412736.000000
6478785.000000
6544833.000000
6610884.000000
6676929.000000
6742973.000000
6809018.000000
6875063.000000
6941004.000000
7007047.000000
7073092.000000
7139136.000000
7205181.000000
7271225.000000
7337171.000000
7403589.000000
7469834.000000
7535878.000000
7601919.000000
7602426.000000
7668366.000000
7734411.000000
7800454.000000
7866497.000000
7932539.000000
7998586.000000
8064629.000000
8130673.000000
8196714.000000
8262756.000000
8328800.000000
8394745.000000
8461223.000000
8527877.000000
8594430.000000
8660876.000000
8727430.000000
8793473.000000
8859518.000000
8925462.000000
8992130.000000
9058580.000000
9125128.000000
9191677.000000
9258230.000000
9324782.000000
9391330.000000
9457878.000000
9524330.000000
9590876.000000
9657425.000000
9723973.000000
9790525.000000
9856976.000000
9923527.000000
9990076.000000
10056626.000000
10123177.000000
10189726.000000
10256275.000000
10322725.000000
10389274.000000
10455825.000000
10522374.000000
10588927.000000
10655377.000000
10721929.000000
10788478.000000
10855028.000000
10921578.000000
10988134.000000
11054581.000000
11121130.000000
11187683.000000
11254235.000000
11320785.000000
11387434.000000
11453784.000000
11520339.000000
11586888.000000
11653437.000000
11719993.000000
11786442.000000
11852990.000000
11919541.000000
11986089.000000
12052640.000000
12119189.000000
12185637.000000
12252191.000000
12318740.000000
12385292.000000
12386304.000000
12452957.000000
12519304.000000
12585851.000000
12652501.000000
12718952.000000
12785498.000000
12852049.000000
12918498.000000
12985049.000000
13051599.000000
13118146.000000
13184699.000000
13251250.000000
13317699.000000
13384250.000000
13450801.000000
13517355.000000
13583906.000000
13650358.000000
13716909.000000
13783461.000000
13850012.000000
13916566.000000
13983114.000000
14049566.000000
14116123.000000
14182675.000000
14249224.000000
14315679.000000
14382225.000000
14448780.000000
14515333.000000
14581882.000000
14648434.000000
14714879.000000
14781429.000000
14848089.000000
14914535.000000
14981085.000000
15047233.000000
15113078.000000
15179120.000000
15245164.000000
15311209.000000
15377255.000000
15443299.000000
15509343.000000
15575386.000000
15641430.000000
15707475.000000
15773418.000000
15839461.000000
15905504.000000
15971547.000000
16037591.000000
16103636.000000
16169681.000000
16235723.000000
16301765.000000
16367806.000000
16433851.000000
16499895.000000
16565837.000000
16631881.000000
16697924.000000
16763967.000000
16830012.000000
16896056.000000
16962097.000000
17028140.000000
17094182.000000
17160225.000000
17226271.000000
17292214.000000
17358258.000000
17424302.000000
17490347.000000
17556393.000000
17622435.000000
17688479.000000
17754525.000000
17820567.000000
17886609.000000
17952652.000000
18018593.000000
18084638.000000
18150681.000000
18216724.000000
18282767.000000
18348912.000000
18414854.000000
18480898.000000
18481404.000000
18547448.000000
18613391.000000
18679438.000000
18745479.000000
18811522.000000
18877563.000000
18943610.000000
19009754.000000
19075698.000000
19141740.000000
19207785.000000
19273827.000000
19339872.000000
19405814.000000
19471856.000000
19537897.000000
19603940.000000
19669981.000000
19736026.000000
19802072.000000
19868118.000000
19934160.000000
20000206.000000
20066148.000000
20132191.000000
20198235.000000
20264279.000000
20330321.000000
20396369.000000
20462514.000000
20528455.000000
20594496.000000
20660540.000000
20726583.000000
20792626.000000
20858567.000000
20924610.000000
20990652.000000
21056698.000000
21122743.000000
21188787.000000
21254830.000000
21320872.000000
21386914.000000
21452958.000000
21518999.000000
21585043.000000
21650986.000000
21717028.000000
21783072.000000
21849117.000000
21915163.000000
21981209.000000
22047256.000000
22113300.000000
22179343.000000
22245387.000000
22311430.000000
22377879.000000
22443921.000000
22509967.000000
22576015.000000
22642060.000000
22708104.000000
22774146.000000
22840192.000000
22906235.000000
22972179.000000
23038219.000000
23104261.000000
23170305.000000
23236449.000000
23302391.000000
23368438.000000
23434479.000000
23500524.000000
23566567.000000
23632510.000000
23698552.000000
23764596.000000
23830639.000000
23896687.000000
23962732.000000
24028774.000000
24094817.000000
24160859.000000
24226901.000000
24292946.000000
24358989.000000
24424934.000000
24490978.000000
24557020.000000
24623062.000000
24689107.000000
24755149.000000
24821193.000000
24887237.000000
24953283.000000
25019327.000000
25085370.000000
25151313.000000
25217354.000000
25283400.000000
25349443.000000
25415487.000000
25481532.000000
25547573.000000
25613616.000000
25679659.000000
25745700.000000
25811642.000000
25877685.000000
25943729.000000
26009771.000000
26075814.000000
26141961.000000
26207905.000000
26273949.000000
26339992.000000
26406035.000000
26472078.000000
26538120.000000
26604061.000000
26670105.000000
26736150.000000
26802195.000000
26868239.000000
26934386.000000
27000332.000000
27000842.000000
27066888.000000
27132931.000000
27198874.000000
27264916.000000
27330957.000000
27397000.000000
27463043.000000
27529190.000000
27595130.000000
27661172.000000
27727215.000000
27793259.000000
27859303.000000
27925447.000000
27991791.000000
28057835.000000
28123878.000000
28189924.000000
28255969.000000
28322013.000000
28388058.000000
28454100.000000
28520145.000000
28586188.000000
28652129.000000
28718176.000000
28784220.000000
28850263.000000
28916307.000000
28982822.000000
29048866.000000
29114812.000000
29181421.000000
29247972.000000
29314521.000000
29381075.000000
29447118.000000
29513164.000000
29579213.000000
29645664.000000
29711709.000000
29777757.000000
29844158.000000
29910104.000000
29976151.000000
30042502.000000
30108445.000000
30174490.000000
30240534.000000
30306580.000000
30372528.000000
30438575.000000
30504626.000000
30570571.000000
30636725.000000
30703281.000000
30769229.000000
30835279.000000
30901327.000000
30967478.000000
31033422.000000
31099369.000000
31165518.000000
31231463.000000
31297614.000000
31363663.000000
31429604.000000
31495651.000000
31561697.000000
31627742.000000
31693790.000000
31759835.000000
31825777.000000
31891824.000000
31957868.000000
32023911.000000
32089956.000000
32156104.000000
32222045.000000
32288089.000000
32354134.000000
32420079.000000
32486226.000000
32552171.000000
32618218.000000
32684264.000000
32750312.000000
32816356.000000
32882402.000000
32948446.000000
33014493.000000
33080438.000000
33146484.000000
33212531.000000
33278578.000000
33344623.000000
33410667.000000
33476715.000000
33542761.000000
33608808.000000
33674752.000000
33740795.000000
33806843.000000
33872991.000000
33938935.000000
34004984.000000
34071031.000000
34137075.000000
34203016.000000
34269061.000000
34335108.000000
34401153.000000
34467198.000000
34533244.000000
34599292.000000
34665337.000000
34731283.000000
34797332.000000
34863486.000000
34929435.000000
34995478.000000
35061521.000000
35062031.000000
35128076.000000
35194120.000000
35260061.000000
35326103.000000
35392146.000000
35458188.000000
35524230.000000
35590274.000000
35656418.000000
35722364.000000
35788409.000000
35854451.000000
35920494.000000
35986437.000000
36052480.000000
36118523.000000
36184566.000000
36250609.000000
36316651.000000
36382697.000000
36448739.000000
36514783.000000
36580826.000000
36646868.000000
36712910.000000
36778954.000000
36844898.000000
36910940.000000
36976982.000000
37043028.000000
37109074.000000
37175118.000000
37241167.000000
37307210.000000
37373258.000000
37439302.000000
37505248.000000
37571297.000000
37637339.000000
37703383.000000
37769430.000000
37835472.000000
37901517.000000
37967563.000000
38034025.000000
38099974.000000
38166603.000000
38232650.000000
38298697.000000
38364740.000000
38430783.000000
38496830.000000
38562875.000000
38628819.000000
38694863.000000
38760907.000000
38826948.000000
38892992.000000
38959038.000000
39025084.000000
39091648.000000
39158237.000000
39224180.000000
39290126.000000
39357300.000000
39423242.000000
39489287.000000
39555441.000000
39621388.000000
39687432.000000
39753889.000000
39820513.000000
39886559.000000
39952502.000000
40018547.000000
40084590.000000
40150635.000000
40216680.000000
40282725.000000
40348672.000000
40414617.000000
40480606.000000
40547370.000000
40613414.000000
40679971.000000
40746428.000000
40812472.000000
40878517.000000
40944562.000000
41010608.000000
41076554.000000
41143252.000000
41209700.000000
41275742.000000
41341790.000000
41408829.000000
41474775.000000
41540821.000000
41606865.000000
41672911.000000
41738953.000000
41804998.000000
41871041.000000
41937193.000000
42003650.000000
42069599.000000
42135838.000000
42201945.000000
42268243.000000
42334286.000000
42400331.000000
42466375.000000
42532420.000000
42598363.000000
42598871.000000
42664915.000000
42730959.000000
42796904.000000
42863493.000000
42929537.000000
42995583.000000
43061634.000000
43128231.000000
43194687.000000
43260734.000000
43326778.000000
43392822.000000
43458865.000000
43524910.000000
43590954.000000
43656997.000000
43722938.000000
43788981.000000
43855025.000000
43921070.000000
43987112.000000
44053261.000000
44119414.000000
44185628.000000
44251673.000000
44317820.000000
44383865.000000
44449910.000000
44515853.000000
44581896.000000
44647942.000000
44713985.000000
44780034.000000
44846184.000000
44912128.000000
44978791.000000
45045140.000000
45111184.000000
45177230.000000
45243382.000000
45309328.000000
45375373.000000
45441414.000000
45507561.000000
45573715.000000
45639886.000000
45705935.000000
45771985.000000
45837935.000000
45904188.000000
45970132.000000
46036181.000000
46102229.000000
46168817.000000
46234868.000000
46300812.000000
46366857.000000
46432905.000000
46498854.000000
46565004.000000
46631463.000000
46697514.000000
46763562.000000
46829605.000000
46895650.000000
46961694.000000
47027739.000000
47093685.000000
47160235.000000
47226278.000000
47292325.000000
47358833.000000
47424881.000000
47490924.000000
47556970.000000
47623014.000000
47689060.000000
47755107.000000
47821153.000000
47887096.000000
47953150.000000
48019302.000000
48085754.000000
48151797.000000
48218325.000000
48284376.000000
48351399.000000
48417446.000000
48483493.000000
48549436.000000
48615483.000000
48681529.000000
48747574.000000
48813623.000000
48879666.000000
48945711.000000
49011756.000000
49077803.000000
49144239.000000
49210287.000000
49276851.000000
49343387.000000
49409531.000000
49475471.000000
49541515.000000
49607569.000000
49674056.000000
49740199.000000
49806141.000000
49872187.000000
49873205.000000
49939251.000000
50005198.000000
50071244.000000
50137292.000000
50203440.000000
50269383.000000
50335430.000000
50401475.000000
50468023.000000
50533967.000000
50600009.000000
50666570.000000
50733128.000000
50799686.000000
50866145.000000
50932188.000000
50998233.000000
51064278.000000
51130320.000000
51196798.000000
51262846.000000
51329401.000000
51395448.000000
51461948.000000
51527991.000000
51594142.000000
51660539.000000
51727055.000000
51793002.000000
51859149.000000
51925194.000000
51991237.000000
52057280.000000
52123327.000000
52189372.000000
52255418.000000
52321466.000000
52387410.000000
52453459.000000
52520126.000000
52586076.000000
52652121.000000
52718166.000000
52784110.000000
52850154.000000
52916197.000000
52982238.000000
53048179.000000
53114901.000000
53181351.000000
53247393.000000
53313437.000000
53379479.000000
53445522.000000
53511567.000000
53577610.000000
53643753.000000
53709693.000000
53775633.000000
53841675.000000
53907719.000000
53973765.000000
54039912.000000
54105854.000000
54171899.000000
54237942.000000
54303988.000000
54370132.000000
54435975.000000
54502019.000000
54568063.000000
54634109.000000
54700256.000000
54766198.000000
54832242.000000
54898289.000000
54964333.000000
55030378.000000
55096319.000000
55162366.000000
55228310.000000
55294827.000000
55361481.000000
55428037.000000
55494588.000000
55561147.000000
55627604.000000
55694261.000000
55760713.000000
55827332.000000
55893785.000000
55960342.000000
56026799.000000
56093351.000000
56159934.000000
56226393.000000
56293057.000000
56359531.000000
56425985.000000
56427006.000000
56493558.000000
56560114.000000
56626668.000000
56693120.000000
56759677.000000
56831023.000000
56897679.000000
56964251.000000
57030773.000000
57097374.000000
57163840.000000
57230417.000000
57296979.000000
57363434.000000
57429991.000000
57496544.000000
57563021.000000
57629577.000000
57696130.000000
57762686.000000
57829247.000000
57895696.000000
57962249.000000
58028809.000000
58095367.000000
58161820.000000
58228389.000000
58294944.000000
58361497.000000
58427952.000000
58494528.000000
58561085.000000
58627642.000000
58694093.000000
58760645.000000
58827196.000000
58893749.000000
58960303.000000
59026755.000000
59093312.000000
59159865.000000
59226353.000000
59292912.000000
59359461.000000
59426014.000000
59492567.000000
59559018.000000
59625574.000000
59692132.000000
59758685.000000
59825139.000000
59891691.000000
59958245.000000
60024801.000000
60091353.000000
60157808.000000
60224360.000000
60291015.000000
60357474.000000
60424027.000000
60424949.000000
60491510.000000
60558068.000000
60624525.000000
60691086.000000
60757741.000000
60824192.000000
60890659.000000
60957216.000000
61023771.000000
61090343.000000
61156816.000000
61223369.000000
61289921.000000
61356475.000000
61422924.000000
61489476.000000
61556029.000000
61622583.000000
61689134.000000
61755586.000000
61822200.000000
61888659.000000
61955207.000000
62021764.000000
62088322.000000
62154780.000000
62221380.000000
62287940.000000
62354397.000000
62420953.000000
62487649.000000
62554004.000000
62620658.000000
62687108.000000
62753665.000000
62820117.000000
62886672.000000
62953228.000000
63019786.000000
63086237.000000
63152795.000000
63219370.000000
63285924.000000
63352373.000000
63418947.000000
63485506.000000
63552064.000000
63618513.000000
63685064.000000
63751714.000000
63818163.000000
63884628.000000
63951203.000000
64017795.000000
64084245.000000
64150800.000000
64217364.000000
64283917.000000
64350369.000000
64416981.000000
64483429.000000
64550105.000000
64616561.000000
64683123.000000
64684065.000000
64750640.000000
64817096.000000
64883770.000000
64950221.000000
65016779.000000
65083232.000000
65149807.000000
65216347.000000
65282817.000000
65349422.000000
65415892.000000
65482449.000000
65549105.000000
65615563.000000
65682017.000000
65748583.000000
65815136.000000
65881691.000000
65948195.000000
66014751.000000
66081303.000000
66147757.000000
66214314.000000
66280865.000000
66347420.000000
66413856.000000
66480417.000000
66546975.000000
66613531.000000
66680085.000000
66746641.000000
66813093.000000
66879644.000000
66946211.000000
67012161.000000
67079216.000000
67145891.000000
67212345.000000
67278817.000000
67344970.000000
67410915.000000
67477063.000000
67543012.000000
67609061.000000
67675007.000000
67740956.000000
67807004.000000
67873049.000000
67939300.000000
68005244.000000
68071190.000000
68137337.000000
68203281.000000
68269327.000000
68335372.000000
68401419.000000
68467462.000000
68533610.000000
68599554.000000
68665600.000000
68731650.000000
68797799.000000
68864149.000000
68930194.000000
68996239.000000
69062283.000000
69128327.000000
69194369.000000
69260413.000000
69326460.000000
69392403.000000
69458450.000000
69524496.000000
69590540.000000
69656585.000000
69722632.000000
69788679.000000
69854724.000000
69920770.000000
69986712.000000
70052759.000000
70118804.000000
70184851.000000
70250894.000000
70316940.000000
70382986.000000
70449031.000000
70515077.000000
70581021.000000
70647064.000000
70713112.000000
70713621.000000
70779668.000000
70845714.000000
70911758.000000
70977804.000000
71043851.000000
71109795.000000
71175839.000000
71241885.000000
71307935.000000
71373982.000000
71440027.000000
71506075.000000
71572120.000000
71638164.000000
71704110.000000
71770154.000000
71836202.000000
71902250.000000
71968396.000000
72034338.000000
72100386.000000
72166429.000000
72232475.000000
72298420.000000
72364469.000000
72430515.000000
72496560.000000
72562709.000000
72628652.000000
72694698.000000
72760745.000000
72826690.000000
72892735.000000
72958779.000000
73024822.000000
73090868.000000
73157013.000000
73222958.000000
73289006.000000
73355052.000000
73421100.000000
73487046.000000
73553092.000000
73619137.000000
73685179.000000
73751325.000000
73817268.000000
73883313.000000
73949257.000000
74015404.000000
74081348.000000
74147396.000000
74213442.000000
74279489.000000
74345634.000000
74411678.000000
74477622.000000
74543770.000000
74610122.000000
74676170.000000
74742319.000000
74808265.000000
74874412.000000
74940358.000000
75006403.000000
75072453.000000
75138915.000000
75205070.000000
75271524.000000
75337473.000000
75403620.000000
75469668.000000
75536127.000000
75602275.000000
75668222.000000
75734267.000000
75800214.000000
75866262.000000
75932308.000000
75998353.000000
76064401.000000
76130445.000000
76196592.000000
76262537.000000
76328586.000000
76394632.000000
76460776.000000
76526618.000000
76592661.000000
76658704.000000
76724749.000000
76790797.000000
76856841.000000
76922886.000000
76988932.000000
77054878.000000
77120923.000000
77186969.000000
77253020.000000
77319067.000000
77385111.000000
77451154.000000
77517198.000000
77583247.000000
77649294.000000
77715748.000000
77781791.000000
77847838.000000
77913988.000000
77979934.000000
78045876.000000
78112027.000000
78177969.000000
78244015.000000
78310060.000000
78376103.000000
78442148.000000
78508293.000000
78574237.000000
78640285.000000
78706745.000000
78772795.000000
78838842.000000
78904890.000000
78905498.000000
78971446.000000
79037392.000000
79103441.000000
79169489.000000
79235536.000000
79301584.000000
79367633.000000
79433684.000000
79499731.000000
79565676.000000
79631723.000000
79697772.000000
79763818.000000
79829864.000000
79895909.000000
79961956.000000
80028004.000000
80094049.000000
80160092.000000
80226038.000000
80292084.000000
80358129.000000
80424174.000000
80490322.000000
80556269.000000
80622316.000000
80688362.000000
80759670.000000
80826405.000000
80892451.000000
80958395.000000
81024342.000000
81090291.000000
81156262.000000
81222543.000000
81288591.000000
81354635.000000
81420681.000000
81486728.000000
81552775.000000
81618823.000000
81684868.000000
81750911.000000
81816854.000000
81882898.000000
81948943.000000
82014990.000000
82081136.000000
82147077.000000
82213120.000000
82279164.000000
82345208.000000
82411151.000000
82477194.000000
82543238.000000
82609283.000000
82675328.000000
82741476.000000
82807419.000000
82873460.000000
82939503.000000
83005548.000000
83071591.000000
83137535.000000
83203579.000000
83269624.000000
83335667.000000
83401713.000000
83467756.000000
83533800.000000
83599842.000000
83665889.000000
83731934.000000
83797978.000000
83864339.000000
83931015.000000
83997062.000000
84063208.000000
84129052.000000
84195098.000000
84261142.000000
84327187.000000
84393230.000000
84459274.000000
84525224.000000
84591721.000000
84657869.000000
84723917.000000
84789969.000000
84856298.000000
84922550.000000
84988592.000000
85054537.000000
85121605.000000
85188067.000000
85254663.000000
85320811.000000
85386756.000000
85452801.000000
85518846.000000
85584893.000000
85650839.000000
85716990.000000
85782937.000000
85848984.000000
85915031.000000
85981076.000000
86047120.000000
86113164.000000
86179108.000000
86245157.000000
86245663.000000
86311712.000000
86377757.000000
86443802.000000
86509848.000000
86576305.000000
86642351.000000
86708504.000000
86775061.000000
86841004.000000
86907051.000000
86973095.000000
87039041.000000
87105086.000000
87171134.000000
87237181.000000
87303225.000000
87369270.000000
87435216.000000
87501367.000000
87567312.000000
87633361.000000
87699407.000000
87765450.000000
87831493.000000
87897538.000000
87963585.000000
88029627.000000
88095671.000000
88161714.000000
88227758.000000
88293700.000000
88359746.000000
88425792.000000
88491835.000000
88557878.000000
88624025.000000
88689967.000000
88756012.000000
88822056.000000
88888101.000000
88954553.000000
89020602.000000
89086651.000000
89152699.000000
89218745.000000
89284791.000000
89350834.000000
89416879.000000
89482822.000000
89548871.000000
89614915.000000
89680959.000000
89747102.000000
89813047.000000
89879094.000000
89945037.000000
90011186.000000
90077133.000000
90143180.000000
90209224.000000
90275267.000000
90341314.000000
90407359.000000
90473401.000000
90539447.000000
90605491.000000
90671640.000000
90737482.000000
90803531.000000
90869578.000000
90935727.000000
91001668.000000
91067719.000000
91133765.000000
91199812.000000
91265754.000000
91331798.000000
91397844.000000
91463891.000000
91529936.000000
91595981.000000
91662025.000000
91728068.000000
91794111.000000
91860154.000000
91926097.000000
91992145.000000
92058190.000000
92124236.000000
92190281.000000
92256327.000000
92322375.000000
92388423.000000
92455389.000000
92521434.000000
92587580.000000
92653523.000000
92719567.000000
92785608.000000
92851655.000000
92917699.000000
92983648.000000
93049799.000000
93116258.000000
93182303.000000
93248348.000000
93314392.000000
93380746.000000
93446694.000000
93512841.000000
93578888.000000
93645035.000000
93711080.000000
93777126.000000
93843168.000000
93909624.000000
93975667.000000
94041714.000000
94107759.000000
94174265.000000
94240312.000000
94240828.000000
94306875.000000
94372923.000000
94439399.000000
94505445.000000
94571488.000000
94637533.000000
94703581.000000
94769630.000000
94836065.000000
94902214.000000
94968359.000000
95034303.000000
95100757.000000
95166803.000000
95232848.000000
95298895.000000
95364944.000000
95430989.000000
95497035.000000
95563489.000000
95629533.000000
95695578.000000
95761624.000000
95827673.000000
95893717.000000
95960274.000000
96026730.000000
96092780.000000
96158828.000000
96224879.000000
96290924.000000
96356967.000000
96422914.000000
96488862.000000
96554812.000000
96620962.000000
96687627.000000
96754088.000000
96820135.000000
96886282.000000
96952331.000000
97018787.000000
97084733.000000
97150886.000000
97216833.000000
97283394.000000
97349442.000000
97415898.000000
97481849.000000
97547797.000000
97613950.000000
97680000.000000
97746624.000000
97812673.000000
97879304.000000
97945252.000000
98011301.000000
98077345.000000
98143391.000000
98209335.000000
98275379.000000
98341429.000000
98407475.000000
98473518.000000
98539565.000000
98605611.000000
98671654.000000
98737598.000000
98803641.000000
98869686.000000
98935729.000000
99001774.000000
99067821.000000
99133965.000000
99199909.000000
99265952.000000
99331995.000000
99398041.000000
99463985.000000
99530033.000000
99596083.000000
99662259.000000
99728641.000000
99794687.000000
99861165.000000
99927211.000000
99993362.000000
100059304.000000
100125350.000000
100191396.000000
100257440.000000
100323485.000000
100389529.000000
100455576.000000
100522534.000000
100588576.000000
100654624.000000
100721226.000000
100787170.000000
100853324.000000
100919371.000000
100985418.000000
101051361.000000
101117408.000000
101183450.000000
101249498.000000
101315444.000000
101381495.000000
101448081.000000
101514582.000000
101515616.000000
101581665.000000
101647611.000000
101713660.000000
101779704.000000
101845746.000000
101911894.000000
101977837.000000
102043882.000000
102109926.000000
102175971.000000
102241914.000000
102307957.000000
102374003.000000
102440045.000000
102506089.000000
102572133.000000
102638175.000000
102704222.000000
102770266.000000
102836311.000000
102902358.000000
102968301.000000
103034347.000000
103100393.000000
103166439.000000
103232585.000000
103298527.000000
103364575.000000
103430618.000000
103496666.000000
103562608.000000
103628652.000000
103694695.000000
103760738.000000
103826784.000000
103892832.000000
103958876.000000
104024920.000000
104090966.000000
104157111.000000
104222956.000000
104288999.000000
104355040.000000
104421084.000000
104487129.000000
104553274.000000
104619219.000000
104685262.000000
104751303.000000
104817349.000000
104883294.000000
104949340.000000
105015386.000000
105081428.000000
105147472.000000
105213618.000000
105279564.000000
105345611.000000
105411655.000000
105477600.000000
105543647.000000
105609695.000000
105675643.000000
105741794.000000
105808362.000000
105874829.000000
105940873.000000
106006923.000000
106072968.000000
106139013.000000
106205059.000000
106271001.000000
106337148.000000
106403093.000000
106469138.000000
106535182.000000
106601225.000000
106667267.000000
106733312.000000
106799357.000000
106865306.000000
106931453.000000
106997398.000000
107063443.000000
107129488.000000
107195533.000000
107261578.000000
107327627.000000
107393676.000000
107459718.000000
107525765.000000
107591710.000000
107657759.000000
107723803.000000
107789851.000000
107856414.000000
107922972.000000
107989425.000000
108055996.000000
108121941.000000
108188086.000000
108254129.000000
108320176.000000
108386118.000000
108452162.000000
108518206.000000
108584252.000000
108650294.000000
108716336.000000
108782378.000000
108848423.000000
108914469.000000
108980515.000000
109046458.000000
109112500.000000
109178544.000000
109244589.000000
109310635.000000
109376678.000000
109442721.000000
109508766.000000
109574810.000000
109640854.000000
109706799.000000
109707307.000000
109773350.000000
109839392.000000
109905436.000000
109971582.000000
110037523.000000
110103568.000000
110169617.000000
110235563.000000
110302196.000000
110368144.000000
110434296.000000
110500239.000000
110566284.000000
110632432.000000
110698813.000000
110764856.000000
110830900.000000
110896943.000000
110962992.000000
111029560.000000
111095706.000000
111162053.000000
111228098.000000
111294143.000000
111360185.000000
111426228.000000
111492281.000000
111558837.000000
111625292.000000
111691858.000000
111758005.000000
111823951.000000
111889897.000000
111956042.000000
112021987.000000
112088032.000000
112154080.000000
112220128.000000
112286173.000000
112352218.000000
112418164.000000
112484213.000000
112550362.000000
112616307.000000
112682352.000000
112748402.000000
112814446.000000
112880491.000000
112946534.000000
113012577.000000
113078622.000000
113144666.000000
113210608.000000
113276653.000000
113342698.000000
113408749.000000
113474794.000000
113540838.000000
113606885.000000
113672933.000000
113738979.000000
113804922.000000
113870967.000000
113937012.000000
114003057.000000
114069103.000000
114135149.000000
114201195.000000
114267238.000000
114333284.000000
114399227.000000
114465271.000000
114531733.000000
114597884.000000
114663834.000000
114730502.000000
114796958.000000
114863416.000000
114930007.000000
114996156.000000
115062101.000000
115128147.000000
115194191.000000
115260235.000000
115326278.000000
115392427.000000
115458668.000000
115524818.000000
115590867.000000
115657015.000000
115722960.000000
115789007.000000
115855051.000000
115921605.000000
115987549.000000
116053595.000000
116119641.000000
116185688.000000
116251735.000000
116318297.000000
116384761.000000
116450807.000000
116516850.000000
116582899.000000
116648947.000000
116714894.000000
116781044.000000
116847192.000000
116913542.000000
116979590.000000
117045632.000000
117111676.000000
117177720.000000
117243765.000000
117244275.000000
117310322.000000
117376264.000000
117442309.000000
117508354.000000
117574398.000000
117640443.000000
117706488.000000
117772433.000000
117838582.000000
117904529.000000
117970578.000000
118036623.000000
118102570.000000
118168719.000000
118234665.000000
118300818.000000
118367369.000000
118433414.000000
118499460.000000
118565405.000000
118631552.000000
118697495.000000
118763540.000000
118829591.000000
118895636.000000
118962092.000000
119028140.000000
119094187.000000
119160236.000000
119226382.000000
119292329.000000
119358885.000000
119425342.000000
119491390.000000
119557536.000000
119623480.000000
119690043.000000
119756087.000000
119822031.000000
119888076.000000
119954120.000000
120020166.000000
120086213.000000
120152257.000000
120218302.000000
120284347.000000
120350393.000000
120416336.000000
120482380.000000
120548423.000000
120614469.000000
120680515.000000
120746562.000000
120812507.000000
120878657.000000
120944603.000000
121010813.000000
121077115.000000
121143162.000000
121209309.000000
121275355.000000
121341402.000000
121407345.000000
121473498.000000
121539445.000000
121605593.000000
121672049.000000
121738538.000000
121804584.000000
121871109.000000
121937261.000000
122003306.000000
122069249.000000
122135295.000000
122201966.000000
122268321.000000
122334265.000000
122400312.000000
122466467.000000
122533130.000000
122599485.000000
122665432.000000
122732034.000000
122798662.000000
122864607.000000
122930657.000000
122996702.000000
123062851.000000
123128794.000000
123194839.000000
123260882.000000
123326926.000000
123392867.000000
123458912.000000
123524954.000000
123590996.000000
123657040.000000
123723082.000000
123789127.000000
123855169.000000
123921214.000000
123987261.000000
124053305.000000
124119247.000000
124185291.000000
124251334.000000
124317377.000000
124383421.000000
124449465.000000
124515507.000000
124581551.000000
124647597.000000
124713641.000000
124779686.000000
124845632.000000
124846139.000000
124912182.000000
124978227.000000
125044273.000000
125110418.000000
125176360.000000
125242403.000000
125308446.000000
125374488.000000
125440533.000000
125506478.000000
125572521.000000
125638564.000000
125704609.000000
125770655.000000
125836698.000000
125902740.000000
125968782.000000
126034827.000000
126100977.000000
126166818.000000
126232863.000000
126298909.000000
126364955.000000
126431000.000000
126497049.000000
126563097.000000
126629141.000000
126695183.000000
126761126.000000
126827171.000000
126893217.000000
126959261.000000
127025305.000000
127091349.000000
127157391.000000
127223440.000000
127289483.000000
127355529.000000
127421474.000000
127487519.000000
127553562.000000
127619606.000000
127685652.000000
127751696.000000
127817738.000000
127883781.000000
127949823.000000
128015866.000000
128081912.000000
128147854.000000
128213902.000000
128279948.000000
128345993.000000
128412039.000000
128478085.000000
128544129.000000
128610175.000000
128676220.000000
128742164.000000
128808208.000000
128874254.000000
128940297.000000
129006341.000000
129072384.000000
129138429.000000
129204473.000000
129270516.000000
129336560.000000
129402503.000000
129468549.000000
129534592.000000
129600636.000000
129666681.000000
129732725.000000
129798771.000000
129864814.000000
129930862.000000
129996908.000000
130062851.000000
130128897.000000
130194941.000000
130260985.000000
130327130.000000
130393072.000000
130459117.000000
130525161.000000
130591209.000000
130657150.000000
130723197.000000
130789238.000000
130855281.000000
130921323.000000
130987371.000000
131053415.000000
131119458.000000
131185503.000000
131251548.000000
131317593.000000
131383538.000000
131449580.000000
131515623.000000
131581666.000000
131647709.000000
131713752.000000
131779797.000000
131845842.000000
131911890.000000
131977935.000000
132044081.000000
132109921.000000
132175965.000000
132242006.000000
132307947.000000
132374693.000000
132441142.000000
132507693.000000
132573741.000000
132640196.000000
132706240.000000
132772282.000000
132838328.000000
132904374.000000
132970420.000000
133036464.000000
133102510.000000
133168556.000000
133234499.000000
133235009.000000
133301055.000000
133367102.000000
133433146.000000
133499187.000000
133565230.000000
133631273.000000
133697319.000000
133763262.000000
133829306.000000
133895350.000000
133961395.000000
134027440.000000
134093487.000000
134159533.000000
134225578.000000
134291621.000000
134357664.000000
134423710.000000
134489653.000000
134555700.000000
134621746.000000
134687791.000000
134753837.000000
134819987.000000
134886441.000000
134952384.000000
135018431.000000
135084474.000000
135150519.000000
135216665.000000
135282714.000000
135348665.000000
135414712.000000
135480758.000000
135546802.000000
135613254.000000
135679404.000000
135745354.000000
135811400.000000
135877345.000000
135943496.000000
136009441.000000
136075485.000000
136141530.000000
136207573.000000
136273720.000000
136339661.000000
136405706.000000
136471752.000000
136537801.000000
136603745.000000
136669690.000000
136736463.000000
136802406.000000
136868450.000000
136934494.000000
137000542.000000
137066486.000000
137132537.000000
137198482.000000
137264732.000000
137331193.000000
137397753.000000
137464211.000000
137530260.000000
137596823.000000
137662770.000000
137729336.000000
137795387.000000
137861333.000000
137927485.000000
137994045.000000
138059990.000000
138126036.000000
138192082.000000
138258127.000000
138324273.000000
138390217.000000
138456259.000000
138522303.000000
138588347.000000
138654493.000000
138720335.000000
138786378.000000
138852423.000000
138918465.000000
138984508.000000
139050553.000000
139116595.000000
139182638.000000
139248680.000000
139314726.000000
139380770.000000
139446815.000000
139512757.000000
139578805.000000
139644849.000000
139710997.000000
139776941.000000
139842989.000000
139908935.000000
139975087.000000
140041465.000000
140107513.000000
140174170.000000
140240214.000000
140306157.000000
140372108.000000
140438157.000000
140504409.000000
140570352.000000
140636399.000000
140702443.000000
140768490.000000
140834436.000000
140900483.000000
140966529.000000
141032572.000000
141098720.000000
141099127.000000
141165172.000000
141231217.000000
141297263.000000
141363208.000000
141429250.000000
141495295.000000
141561340.000000
141627384.000000
141693428.000000
141759471.000000
141825517.000000
141891565.000000
141957612.000000
142023556.000000
142089602.000000
142155646.000000
142221688.000000
142287732.000000
142353774.000000
142419819.000000
142485862.000000
142551907.000000
142617953.000000
142684001.000000
142749945.000000
142815993.000000
142882037.000000
142948086.000000
143014032.000000
143080178.000000
143146224.000000
143212168.000000
143278212.000000
143344259.000000
143410304.000000
143476348.000000
143542391.000000
143608881.000000
143675467.000000
143741511.000000
143807557.000000
143873602.000000
143939643.000000
144005586.000000
144071632.000000
144137579.000000
144203527.000000
144269576.000000
144335830.000000
144401875.000000
144467923.000000
144533969.000000
144600018.000000
144666067.000000
144732012.000000
144798055.000000
144864000.000000
144930148.000000
144996195.000000
145062242.000000
145128288.000000
145194337.000000
145260280.000000
145326324.000000
145392369.000000
145458410.000000
145524457.000000
145590501.000000
145656446.000000
145722488.000000
145788531.000000
145854574.000000
145920721.000000
145986664.000000
146052707.000000
146118750.000000
146184792.000000
146250834.000000
146316877.000000
146382823.000000
146448866.000000
146514907.000000
146580954.000000
146646998.000000
146713041.000000
146779086.000000
146845472.000000
146911625.000000
146977672.000000
147043719.000000
147109765.000000
147175813.000000
147242268.000000
147308316.000000
147374978.000000
147440925.000000
147506872.000000
147573435.000000
147639483.000000
147705529.000000
147771576.000000
147837624.000000
147903568.000000
147969520.000000
148035773.000000
148101822.000000
148167869.000000
148233916.000000
148299962.000000
148365906.000000
148431954.000000
148497900.000000
148564153.000000
148630503.000000
148696549.000000
148762596.000000
148828642.000000
148894686.000000
148960728.000000
149026773.000000
149092818.000000
149158760.000000
149224805.000000
149290848.000000
149291358.000000
149357404.000000
149423447.000000
149489489.000000
149555535.000000
149621579.000000
149687621.000000
149753566.000000
149819611.000000
149885655.000000
149951698.000000
150017741.000000
150083787.000000
150149829.000000
150215875.000000
150281924.000000
150347968.000000
150413912.000000
150479960.000000
150546004.000000
150612048.000000
150678094.000000
150744139.000000
150810184.000000
150876228.000000
150942275.000000
151008317.000000
151074363.000000
151140305.000000
151206352.000000
151272397.000000
151338442.000000
151404486.000000
151470529.000000
151536578.000000
151602626.000000
151668674.000000
151734614.000000
151800660.000000
151866705.000000
151932750.000000
151998796.000000
152064842.000000
152130888.000000
152197881.000000
152264033.000000
152329977.000000
152396022.000000
152462067.000000
152528117.000000
152594527.000000
152660883.000000
152727637.000000
152793994.000000
152859939.000000
152926133.000000
152992906.000000
153058851.000000
153124904.000000
153190949.000000
153256894.000000
153322938.000000
153388986.000000
153455032.000000
153521179.000000
153587121.000000
153653166.000000
153719112.000000
153785163.000000
153851114.000000
153917062.000000
153983028.000000
154049222.000000
154115172.000000
154181224.000000
154247174.000000
154313277.000000
154379984.000000
154446031.000000
154512078.000000
154578125.000000
154644169.000000
154710212.000000
154776255.000000
154842303.000000
154908247.000000
154974293.000000
155040339.000000
155106383.000000
155172429.000000
155238578.000000
155304522.000000
155370569.000000
155436614.000000
155502555.000000
155568601.000000
155634642.000000
155700688.000000
155766735.000000
155832778.000000
155898821.000000
155964865.000000
156030911.000000
156096954.000000
156163000.000000
156228946.000000
156294992.000000
156361036.000000
156427082.000000
156493229.000000
156559173.000000
156625216.000000
156691263.000000
156757304.000000
156823247.000000
156889291.000000
156955339.000000
157021381.000000
157087423.000000
157153468.000000
157219516.000000
157285558.000000
157351602.000000
157352108.000000
157418152.000000
157484095.000000
157550137.000000
157616184.000000
157682231.000000
157748279.000000
157814324.000000
157880368.000000
157946414.000000
158012458.000000
158078403.000000
158144447.000000
158210491.000000
158276535.000000
158342578.000000
158408721.000000
158474664.000000
158540706.000000
158606753.000000
158672798.000000
158738841.000000
158804784.000000
158870828.000000
158936871.000000
159002915.000000
159068959.000000
159135003.000000
159201045.000000
159267090.000000
159333134.000000
159399179.000000
159465122.000000
159531170.000000
159597215.000000
159663261.000000
159729304.000000
159795346.000000
159861388.000000
159927432.000000
159993476.000000
160059521.000000
160125563.000000
160191507.000000
160257556.000000
160323600.000000
160389644.000000
160455793.000000
160521733.000000
160587779.000000
160653822.000000
160719866.000000
160785911.000000
160851855.000000
160917901.000000
160983946.000000
161049993.000000
161116035.000000
161182078.000000
161248124.000000
161314170.000000
161380215.000000
161446155.000000
161512203.000000
161578250.000000
161644296.000000
161710451.000000
161776907.000000
161843366.000000
161909413.000000
161975456.000000
162041503.000000
162107653.000000
162174007.000000
162240619.000000
162306670.000000
162373271.000000
162439213.000000
162505259.000000
162571303.000000
162637347.000000
162703391.000000
162769332.000000
162835375.000000
162901420.000000
162967465.000000
163033609.000000
163099551.000000
163165598.000000
163231646.000000
163297694.000000
163363741.000000
163429786.000000
163495731.000000
163561779.000000
163627825.000000
163694384.000000
163760330.000000
163826277.000000
163892328.000000
163958380.000000
164025001.000000
164091047.000000
164157092.000000
164223617.000000
164289666.000000
164356208.000000
164422256.000000
164488755.000000
164554797.000000
164620841.000000
164686889.000000
164752931.000000
164818974.000000
164884920.000000
164950968.000000
165017012.000000
165083054.000000
165149100.000000
165215142.000000
165281182.000000
165281793.000000
165347734.000000
165413781.000000
165479827.000000
165545873.000000
165612157.000000
165678926.000000
165745379.000000
165811423.000000
165877469.000000
165943512.000000
166009557.000000
166075604.000000
166141983.000000
166208235.000000
166274178.000000
166340220.000000
166406779.000000
166473332.000000
166539278.000000
166605795.000000
166671945.000000
166738405.000000
166805056.000000
166871001.000000
166937045.000000
167003094.000000
167069547.000000
167135598.000000
167201542.000000
167268016.000000
167334161.000000
167400105.000000
167466352.000000
167532293.000000
167598853.000000
167665225.000000
167731177.000000
167797348.000000
167863495.000000
167929541.000000
167995585.000000
168061630.000000
168127673.000000
168193722.000000
168259765.000000
168325709.000000
168391753.000000
168457798.000000
168523744.000000
168589792.000000
168655942.000000
168721885.000000
168788032.000000
168853974.000000
168920019.000000
168986065.000000
169052107.000000
169118149.000000
169184194.000000
169250242.000000
169316285.000000
169382329.000000
169448373.000000
169514315.000000
169580361.000000
169646403.000000
169712448.000000
169778494.000000
169844539.000000
169910480.000000
169976530.000000
170042577.000000
170108522.000000
170175256.000000
170241203.000000
170307253.000000
170373296.000000
170439345.000000
170505394.000000
170571696.000000
170637862.000000
170703905.000000
170770313.000000
170837032.000000
170903603.000000
170969549.000000
171035694.000000
171101736.000000
171167684.000000
171233729.000000
171299775.000000
171366402.000000
171432585.000000
171498589.000000
171564804.000000
171630849.000000
171696898.000000
171763561.000000
171829917.000000
171896592.000000
171962640.000000
172028685.000000
172094728.000000
172160777.000000
172227284.000000
172293333.000000
172294327.000000
172360275.000000
172426324.000000
172492369.000000
172558413.000000
172624456.000000
172690501.000000
172756548.000000
172822595.000000
172888639.000000
172954685.000000
173021138.000000
173087181.000000
173153224.000000
173219267.000000
173285318.000000
173351879.000000
173417825.000000
173483975.000000
173550024.000000
173615968.000000
173682013.000000
173748058.000000
173814105.000000
173880149.000000
173946197.000000
174012139.000000
174078185.000000
174144234.000000
174210179.000000
174276230.000000
174342279.000000
174408328.000000
174474379.000000
174540424.000000
174606376.000000
174672428.000000
174738379.000000
174804429.000000
174870682.000000
174936728.000000
175002775.000000
175068821.000000
175134766.000000
175200819.000000
175267379.000000
175333843.000000
175399993.000000
175466041.000000
175532497.000000
175598440.000000
175664590.000000
175731049.000000
175797100.000000
175863146.000000
175929093.000000
175995243.000000
176061291.000000
176127234.000000
176193279.000000
176259322.000000
176325365.000000
176391407.000000
176457452.000000
176523494.000000
176589536.000000
176655580.000000
176721625.000000
176787670.000000
176853613.000000
176919656.000000
176985705.000000
177051750.000000
177117796.000000
177183837.000000
177249879.000000
177315923.000000
177381872.000000
177447925.000000
177513972.000000
177580015.000000
177646059.000000
177712102.000000
177778147.000000
177844094.000000
177910243.000000
177976291.000000
178042233.000000
178108279.000000
178174425.000000
178240878.000000
178307024.000000
178372969.000000
178439014.000000
178505062.000000
178571009.000000
178637058.000000
178703103.000000
178769665.000000
178835612.000000
178901661.000000
178967810.000000
179033755.000000
179099802.000000
179165846.000000
179231892.000000
179297936.000000
179363878.000000
179429923.000000
179495970.000000
179562221.000000
179628572.000000
179694618.000000
179760661.000000
179826706.000000
179892749.000000
179958791.000000
180024835.000000
180090881.000000
180156924.000000
180222866.000000
180288909.000000
180354958.000000
180355471.000000
180421619.000000
180487563.000000
180553610.000000
180619659.000000
180685703.000000
180751649.000000
180817696.000000
180884012.000000
180950792.000000
181016839.000000
181082883.000000
181148929.000000
181214876.000000
181280924.000000
181347076.000000
181413530.000000
181479475.000000
181545624.000000
181611668.000000
181677611.000000
181743657.000000
181809704.000000
181875747.000000
181941793.000000
182007842.000000
182074284.000000
182140333.000000
182206381.000000
182272431.000000
182338477.000000
182405031.000000
182471176.000000
182537119.000000
182603162.000000
182669207.000000
182735255.000000
182801201.000000
182867249.000000
182933295.000000
182999340.000000
183065292.000000
183131960.000000
183198420.000000
183264569.000000
183330614.000000
183396558.000000
183462604.000000
183528549.000000
183594698.000000
183660638.000000
183726685.000000
183792732.000000
183858778.000000
183924823.000000
183990870.000000
184056917.000000
184122960.000000
184189004.000000
184254948.000000
184320995.000000
184387147.000000
184453193.000000
184519136.000000
184585184.000000
184651234.000000
184717181.000000
184783230.000000
184849378.000000
184915830.000000
184981878.000000
185047923.000000
185113869.000000
185180015.000000
185246063.000000
185312005.000000
185378053.000000
185444100.000000
185510142.000000
185576185.000000
185642228.000000
185708271.000000
185774314.000000
185840357.000000
185906402.000000
185972345.000000
186038389.000000
186104432.000000
186170474.000000
186236517.000000
186302564.000000
186368607.000000
186434650.000000
186500694.000000
186566739.000000
186632782.000000
186698725.000000
186764768.000000
186830811.000000
186896854.000000
186962903.000000
187028947.000000
187094993.000000
187161044.000000
187227089.000000
187293033.000000
187359078.000000
187425124.000000
187491170.000000
187557215.000000
187623259.000000
187689303.000000
187755347.000000
187821391.000000
187887434.000000
187953478.000000
188019421.000000
188085466.000000
188151511.000000
188217555.000000
188283600.000000
188349646.000000
188415689.000000
188416196.000000
188482238.000000
188548283.000000
188614224.000000
188680271.000000
188746315.000000
188812358.000000
188878405.000000
188944447.000000
189010490.000000
189076533.000000
189142575.000000
189208619.000000
189274560.000000
189340602.000000
189406644.000000
189472688.000000
189538734.000000
189604777.000000
189670822.000000
189736864.000000
189802906.000000
189868951.000000
189934993.000000
190001041.000000
190066983.000000
190133028.000000
190199070.000000
190265117.000000
190331163.000000
190397205.000000
190463249.000000
190529293.000000
190595337.000000
190661382.000000
190727323.000000
190793367.000000
190859411.000000
190925457.000000
190991603.000000
191057548.000000
191123593.000000
191189638.000000
191255683.000000
191321625.000000
191387669.000000
191453715.000000
191519761.000000
191585803.000000
191651850.000000
191717894.000000
191783945.000000
191849995.000000
191916252.000000
191982406.000000
192048452.000000
192114600.000000
192180645.000000
192246694.000000
192312741.000000
192379698.000000
192445847.000000
192511897.000000
192577841.000000
192643788.000000
192709933.000000
192775980.000000
192841921.000000
192907967.000000
192974010.000000
193040054.000000
193106097.000000
193172242.000000
193238184.000000
193304227.000000
193370272.000000
193436317.000000
193502259.000000
193568307.000000
193634348.000000
193700393.000000
193766436.000000
193832478.000000
193898523.000000
193964568.000000
194030612.000000
194096656.000000
194162703.000000
194228647.000000
194294691.000000
194360737.000000
194426780.000000
194492924.000000
194558868.000000
194624909.000000
194690954.000000
194757003.000000
194823050.000000
194888992.000000
194955034.000000
195021079.000000
195087123.000000
195153166.000000
195219211.000000
195285258.000000
195351305.000000
195417350.000000
195483394.000000
195549340.000000
195615384.000000
195681429.000000
195747472.000000
195813518.000000
195879561.000000
195945607.000000
196012571.000000
196078619.000000
196144666.000000
196211275.000000
196277217.000000
196343263.000000
196409805.000000
196475751.000000
196541901.000000
196607948.000000
196608866.000000
196674915.000000
196740959.000000
196807006.000000
196873155.000000
196939101.000000
197005044.000000
197071094.000000
197137041.000000
197203190.000000
197269238.000000
197335282.000000
197402353.000000
197468809.000000
197534854.000000
197600897.000000
197666942.000000
197732991.000000
197799033.000000
197865593.000000
197931539.000000
197997688.000000
198063632.000000
198129678.000000
198195725.000000
198261772.000000
198327820.000000
198393764.000000
198459914.000000
198525960.000000
198592006.000000
198658050.000000
198724101.000000
198790146.000000
198856091.000000
198922136.000000
198988179.000000
199054223.000000
199120268.000000
199186213.000000
199252259.000000
199318302.000000
199384349.000000
199450394.000000
199516440.000000
199582486.000000
199648536.000000
199714479.000000
199780527.000000
199846572.000000
199912614.000000
199978657.000000
200044704.000000
200110753.000000
200177218.000000
200243165.000000
200309312.000000
200375356.000000
200441405.000000
200507785.000000
200573834.000000
200639984.000000
200706028.000000
200772500.000000
200838649.000000
200904694.000000
200970640.000000
201036686.000000
201102730.000000
201168775.000000
201235233.000000
201301280.000000
201367322.000000
201433369.000000
201499416.000000
201565461.000000
201631506.000000
201697551.000000
201763593.000000
201829638.000000
201895679.000000
201961727.000000
202027772.000000
202093815.000000
202159757.000000
202225803.000000
202291848.000000
202357893.000000
202423936.000000
202489980.000000
202556024.000000
202622072.000000
202688117.000000
202754163.000000
202820110.000000
202886160.000000
202952203.000000
203018252.000000
203084297.000000
203150343.000000
203216289.000000
203282439.000000
203348380.000000
203414425.000000
203480472.000000
203546519.000000
203612566.000000
203678610.000000
203744654.000000
203810702.000000
203876747.000000
203942689.000000
204008734.000000
204074776.000000
204140822.000000
204206870.000000
204272915.000000
204338863.000000
204405008.000000
204470952.000000
204536996.000000
204603042.000000
204603549.000000
204669597.000000
204735648.000000
204802205.000000
204868252.000000
204934298.000000
205000241.000000
205066282.000000
205132325.000000
205198371.000000
205264417.000000
205330461.000000
205396507.000000
205462553.000000
205528596.000000
205594537.000000
205660585.000000
205726630.000000
205792677.000000
205858722.000000
205924770.000000
205990813.000000
206056860.000000
206122902.000000
206188844.000000
206254887.000000
206320932.000000
206386976.000000
206453024.000000
206519171.000000
206585115.000000
206651160.000000
206717206.000000
206783254.000000
206849203.000000
206915248.000000
206981297.000000
207047441.000000
207113387.000000
207179434.000000
207245483.000000
207311628.000000
207377475.000000
207443422.000000
207510090.000000
207576649.000000
207642592.000000
207708638.000000
207774687.000000
207840832.000000
207906881.000000
207972826.000000
208038874.000000
208104822.000000
208170970.000000
208236916.000000
208302965.000000
208369111.000000
208435157.000000
208501099.000000
208567142.000000
208633188.000000
208699238.000000
208765382.000000
208831729.000000
208897774.000000
208963822.000000
209029868.000000
209095913.000000
209161955.000000
209227999.000000
209294043.000000
209360090.000000
209426034.000000
209492081.000000
209558125.000000
209624172.000000
209690216.000000
209756260.000000
209822304.000000
209888348.000000
209954391.000000
210020439.000000
210086380.000000
210152422.000000
210218464.000000
210284507.000000
210350548.000000
210416594.000000
210482641.000000
210548683.000000
210614727.000000
210680776.000000
210746921.000000
210813275.000000
210879322.000000
210945633.000000
211011782.000000
211077729.000000
211144547.000000
211210593.000000
211276745.000000
211343017.000000
211409167.000000
211475110.000000
211541156.000000
211607204.000000
211673751.000000
211739796.000000
211805836.000000
211871881.000000
211937924.000000
212003863.000000
212069910.000000
212135956.000000
212202001.000000
212268045.000000
212334197.000000
212400652.000000
212466697.000000
212532642.000000
212598687.000000
212599197.000000
212665245.000000
212731393.000000
212797333.000000
212863379.000000
212929424.000000
212995471.000000
213061411.000000
213127459.000000
213193506.000000
213259454.000000
213325600.000000
213391650.000000
213458209.000000
213524257.000000
213590202.000000
213656355.000000
213722298.000000
213788343.000000
213854387.000000
213920335.000000
213986281.000000
214052331.000000
214118870.000000
214185125.000000
214251070.000000
214317119.000000
214383063.000000
214449214.000000
214515668.000000
214581821.000000
214648281.000000
214714229.000000
214780281.000000
214846432.000000
214912477.000000
214978523.000000
215044570.000000
215110619.000000
215176565.000000
215242614.000000
215308655.000000
215374697.000000
215441169.000000
215507719.000000
215574272.000000
215640825.000000
215706871.000000
215772817.000000
215838860.000000
215904905.000000
215970948.000000
216036993.000000
216103035.000000
216169079.000000
216235122.000000
216301166.000000
216367214.000000
216433155.000000
216499199.000000
216565241.000000
216631283.000000
216697330.000000
216763376.000000
216829420.000000
216895365.000000
216961513.000000
217027557.000000
217093603.000000
217160058.000000
217226104.000000
217292251.000000
217358193.000000
217424138.000000
217490287.000000
217556332.000000
217622276.000000
217688323.000000
217754366.000000
217820929.000000
217886875.000000
217953021.000000
218019065.000000
218085011.000000
218151058.000000
218217617.000000
218283662.000000
218349712.000000
218415758.000000
218481803.000000
218547747.000000
218613790.000000
218679835.000000
218745878.000000
218811922.000000
218877968.000000
218944014.000000
219010059.000000
219076104.000000
219142516.000000
219208463.000000
219274715.000000
219340762.000000
219406704.000000
219472747.000000
219538790.000000
219604836.000000
219670999.000000
219737456.000000
219803603.000000
219869954.000000
219936002.000000
220002561.000000
220068606.000000
220135162.000000
220135571.000000
220201618.000000
220267665.000000
220333712.000000
220399757.000000
220465804.000000
220531850.000000
220597892.000000
220663941.000000
220729883.000000
220795923.000000
220861967.000000
220928014.000000
220994161.000000
221060105.000000
221126150.000000
221192195.000000
221258238.000000
221324383.000000
221390727.000000
221456772.000000
221522818.000000
221589381.000000
221655324.000000
221721473.000000
221787795.000000
221853844.000000
221920519.000000
221986570.000000
222052515.000000
222118564.000000
222184711.000000
222250754.000000
222316697.000000
222382744.000000
222448789.000000
222514836.000000
222580983.000000
222646927.000000
222712871.000000
222779021.000000
222844968.000000
222911123.000000
222977169.000000
223043110.000000
223109157.000000
223175103.000000
223241154.000000
223307104.000000
223373155.000000
223439824.000000
223505869.000000
223571912.000000
223637957.000000
223704005.000000
223770049.000000
223835992.000000
223902036.000000
223968080.000000
224034124.000000
224100171.000000
224166217.000000
224232262.000000
224298306.000000
224364253.000000
224430201.000000
224496248.000000
224562502.000000
224628549.000000
224694495.000000
224760540.000000
224826584.000000
224892627.000000
224958572.000000
225024619.000000
225090664.000000
225156709.000000
225222755.000000
225288804.000000
225354848.000000
225420894.000000
225486940.000000
225552884.000000
225618930.000000
225684975.000000
225751020.000000
225817166.000000
225883114.000000
225949156.000000
226015202.000000
226081248.000000
226147192.000000
226213236.000000
226279287.000000
226345331.000000
226411377.000000
226477423.000000
226543982.000000
226610442.000000
226676492.000000
226742540.000000
226808687.000000
226874630.000000
226940674.000000
227006718.000000
227072761.000000
227138807.000000
227204750.000000
227270793.000000
227336839.000000
227402885.000000
227468929.000000
227534977.000000
227601021.000000
227667064.000000
227733106.000000
227799150.000000
227865096.000000
227931142.000000
227997679.000000
228063726.000000
228130254.000000
228196303.000000
228197132.000000
228263079.000000
228329743.000000
228395894.000000
228461938.000000
228527984.000000
228594028.000000
228660070.000000
228726118.000000
228792064.000000
228858011.000000
228924702.000000
228991707.000000
229058266.000000
229124744.000000
229190789.000000
229257210.000000
229323913.000000
229389859.000000
229455909.000000
229522948.000000
229589100.000000
229655047.000000
229721093.000000
229788125.000000
229854599.000000
229920646.000000
229987211.000000
230053256.000000
230119811.000000
230185858.000000
230251806.000000
230317853.000000
230383898.000000
230450046.000000
230515993.000000
230582552.000000
230648498.000000
230715096.000000
230781141.000000
230847185.000000
230913645.000000
230979794.000000
231045840.000000
231111889.000000
231177837.000000
231243883.000000
231309929.000000
231375873.000000
231441917.000000
231507958.000000
231574004.000000
231640049.000000
231706433.000000
231773102.000000
231839149.000000
231905194.000000
231971245.000000
232037286.000000
232103238.000000
232169490.000000
232235846.000000
232301999.000000
232368449.000000
232434494.000000
232500541.000000
232566586.000000
232632528.000000
232699065.000000
232765010.000000
232831669.000000
232897716.000000
232964078.000000
233030764.000000
233096907.000000
233162849.000000
233228794.000000
233294943.000000
233360988.000000
233426931.000000
233493082.000000
233559554.000000
233625600.000000
233692061.000000
233758621.000000
233824775.000000
233891338.000000
233957802.000000
234023744.000000
234089787.000000
234155829.000000
234221873.000000
234288017.000000
234353960.000000
234420005.000000
234486050.000000
234552512.000000
234553430.000000
234620076.000000
234686122.000000
234752166.000000
234818212.000000
234884257.000000
234950303.000000
235016347.000000
235082290.000000
235148336.000000
235214381.000000
235280428.000000
235346473.000000
235412522.000000
235478469.000000
235544717.000000
235610558.000000
235676601.000000
235742645.000000
235808693.000000
235874638.000000
235940791.000000
236007348.000000
236073293.000000
236139337.000000
236205384.000000
236271428.000000
236337576.000000
236403516.000000
236469561.000000
236535504.000000
236602094.000000
236668543.000000
236735175.000000
236801120.000000
236867270.000000
236933314.000000
236999360.000000
237065304.000000
237131355.000000
237197776.000000
237264335.000000
237331031.000000
237396974.000000
237463536.000000
237530010.000000
237595956.000000
237662100.000000
237728248.000000
237794193.000000
237860238.000000
237926281.000000
237992431.000000
238058894.000000
238125348.000000
238191296.000000
238257449.000000
238324006.000000
238390481.000000
238457046.000000
238522996.000000
238589144.000000
238655192.000000
238721240.000000
238787705.000000
238854262.000000
238920309.000000
238986361.000000
239052307.000000
239118352.000000
239184395.000000
239250440.000000
239316484.000000
239382531.000000
239448579.000000
239514624.000000
239580666.000000
239646709.000000
239712755.000000
239778698.000000
239844744.000000
239910789.000000
239976834.000000
240042878.000000
240108922.000000
240174965.000000
240241010.000000
240307056.000000
240373004.000000
240439055.000000
240505002.000000
240571058.000000
240637114.000000
240703267.000000
240769723.000000
240835770.000000
240901921.000000
240967970.000000
241033915.000000
241099963.000000
241166006.000000
241232053.000000
241297997.000000
241364045.000000
241430092.000000
241496241.000000
241562186.000000
241628228.000000
241694271.000000
241760315.000000
241826259.000000
241892306.000000
241958353.000000
242024400.000000
242025009.000000
242090954.000000
242156998.000000
242223042.000000
242289088.000000
242355129.000000
242421071.000000
242487115.000000
242553161.000000
242619207.000000
242685249.000000
242751394.000000
242817336.000000
242883381.000000
242949427.000000
243015473.000000
243081415.000000
243147460.000000
243213505.000000
243279551.000000
243345696.000000
243411640.000000
243477684.000000
243543730.000000
243609777.000000
243675723.000000
243741671.000000
243807823.000000
243873768.000000
243939912.000000
244005858.000000
244072010.000000
244138463.000000
244204614.000000
244270558.000000
244336604.000000
244402648.000000
244468693.000000
244534736.000000
244600777.000000
244666822.000000
244732868.000000
244798812.000000
244864857.000000
244930904.000000
244996949.000000
245063093.000000
245129036.000000
245195079.000000
245261121.000000
245327163.000000
245393206.000000
245459251.000000
245525197.000000
245591242.000000
245657387.000000
245723330.000000
245789374.000000
245855422.000000
245921463.000000
245987507.000000
246053458.000000
246119407.000000
246185352.000000
246251603.000000
246317647.000000
246383593.000000
246449744.000000
246516300.000000
246582247.000000
246648395.000000
246714340.000000
246780386.000000
246846430.000000
246912377.000000
246978526.000000
247044471.000000
247110514.000000
247176558.000000
247242600.000000
247308649.000000
247374694.000000
247440737.000000
247506779.000000
247572825.000000
247638772.000000
247704817.000000
247770967.000000
247836914.000000
247902957.000000
247969104.000000
248035051.000000
248101000.000000
248167148.000000
248233193.000000
248299648.000000
248365693.000000
248431738.000000
248497780.000000
248563824.000000
248629769.000000
248695917.000000
248761861.000000
248827909.000000
248893954.000000
248959997.000000
249026047.000000
249091992.000000
249158137.000000
249224183.000000
249290232.000000
249356278.000000
249422222.000000
249488373.000000
249554418.000000
249620465.000000
249686408.000000
249752451.000000
249818496.000000
249884541.000000
249950586.000000
250016532.000000
250082577.000000
250148623.000000
250214666.000000
250280711.000000
250347272.000000
250347777.000000
250413723.000000
250479875.000000
250546329.000000
250612374.000000
250678419.000000
250744467.000000
250810414.000000
250876562.000000
250942506.000000
251008552.000000
251074600.000000
251140647.000000
251206690.000000
251272736.000000
251338780.000000
251404826.000000
251470870.000000
251536813.000000
251602854.000000
251668897.000000
251734942.000000
251800988.000000
251867033.000000
251933078.000000
251999125.000000
252065167.000000
252131213.000000
252197154.000000
252263197.000000
252329240.000000
252395285.000000
252461330.000000
252527375.000000
252593421.000000
252659985.000000
252726451.000000
252792501.000000
252858650.000000
252924594.000000
252990637.000000
253056679.000000
253122723.000000
253188766.000000
253255218.000000
253321263.000000
253387875.000000
253454137.000000
253520391.000000
253586947.000000
253653404.000000
253719552.000000
253785806.000000
253852516.000000
253918562.000000
253985154.000000
254051606.000000
254117652.000000
254183697.000000
254249743.000000
254315792.000000
254381835.000000
254447878.000000
254513922.000000
254579965.000000
254645909.000000
254711954.000000
254777999.000000
254844044.000000
254910090.000000
254976135.000000
255042182.000000
255108229.000000
255174273.000000
255240217.000000
255306262.000000
255372308.000000
255438352.000000
255504394.000000
255570438.000000
255636485.000000
255702533.000000
255768580.000000
255834526.000000
255900576.000000
255966520.000000
256032470.000000
256099261.000000
256165306.000000
256231249.000000
256297301.000000
256363349.000000
256429920.000000
256496067.000000
256562275.000000
256628520.000000
256694565.000000
256760511.000000
256827071.000000
256893630.000000
256959676.000000
257025722.000000
257091769.000000
257158130.000000
257224810.000000
257290857.000000
257356904.000000
257422854.000000
257489008.000000
257554954.000000
257621108.000000
257622034.000000
257688082.000000
257754024.000000
257820074.000000
257886121.000000
257952168.000000
258018212.000000
258084257.000000
258150811.000000
258217223.000000
258283272.000000
258349831.000000
258415878.000000
258481925.000000
258548489.000000
258614538.000000
258681093.000000
258747035.000000
258813082.000000
258879130.000000
258945175.000000
259011221.000000
259077268.000000
259143822.000000
259210281.000000
259276838.000000
259343390.000000
259409437.000000
259475483.000000
259541633.000000
259608073.000000
259674120.000000
259740632.000000
259806575.000000
259872622.000000
259938667.000000
260004612.000000
260070762.000000
260137138.000000
260203394.000000
260269436.000000
260335379.000000
260401527.000000
260467469.000000
260533516.000000
260599561.000000
260665504.000000
260731550.000000
260797591.000000
260863633.000000
260929676.000000
260995718.000000
261061762.000000
261127806.000000
261193848.000000
261259895.000000
261325941.000000
261391987.000000
261457930.000000
261523977.000000
261590022.000000
261656067.000000
261722112.000000
261788159.000000
261854640.000000
261921096.000000
261987244.000000
262053289.000000
262119335.000000
262185381.000000
262251425.000000
262317371.000000
262383418.000000
262449462.000000
262515511.000000
262582049.000000
262648686.000000
262714632.000000
262780676.000000
262846721.000000
262912767.000000
262978811.000000
263044753.000000
263110796.000000
263176840.000000
263242885.000000
263309884.000000
263375933.000000
263441976.000000
263508019.000000
263574167.000000
263640384.000000
263706529.000000
263772677.000000
263838725.000000
263904772.000000
263970721.000000
264037122.000000
264103813.000000
264169863.000000
264235813.000000
264301863.000000
264367908.000000
264434055.000000
264499997.000000
264566041.000000
264632086.000000
264698130.000000
264764173.000000
264830217.000000
264896170.000000
264896584.000000
264962835.000000
265028781.000000
265094828.000000
265160874.000000
265226918.000000
265292962.000000
265359006.000000
265425049.000000
265491096.000000
265557040.000000
265623086.000000
265689128.000000
265755175.000000
265821658.000000
265887604.000000
265953750.000000
266019795.000000
266085839.000000
266151890.000000
266218038.000000
266283981.000000
266350025.000000
266416071.000000
266482117.000000
266548060.000000
266614107.000000
266680156.000000
266746646.000000
266813023.000000
266878977.000000
266945766.000000
267011815.000000
267077972.000000
267144427.000000
267210475.000000
267276518.000000
267342459.000000
267408505.000000
267474553.000000
267540599.000000
267606644.000000
267672793.000000
267738741.000000
267804786.000000
267870832.000000
267936774.000000
268002818.000000
268068868.000000
268135015.000000
268201061.000000
268267006.000000
268333054.000000
268399100.000000
268465148.000000
268531090.000000
268597137.000000
268663180.000000
268729326.000000
268795272.000000
268861317.000000
268927363.000000
268993307.000000
269059451.000000
269125495.000000
269191439.000000
269257589.000000
269323537.000000
269389681.000000
269455626.000000
269521670.000000
269587713.000000
269653659.000000
269719809.000000
269785755.000000
269851807.000000
269917956.000000
269983902.000000
270049950.000000
270115993.000000
270182038.000000
270248494.000000
270314543.000000
270380592.000000
270446642.000000
270512689.000000
270578732.000000
270644777.000000
270710721.000000
270776876.000000
270843443.000000
270909386.000000
270975432.000000
271041378.000000
271107423.000000
271173469.000000
271239516.000000
271305563.000000
271371613.000000
271437661.000000
271503706.000000
271569752.000000
271635798.000000
271701742.000000
271767788.000000
271833837.000000
271899783.000000
271965937.000000
272032495.000000
272098961.000000
272166050.000000
272232576.000000
272299042.000000
272365612.000000
272432191.000000
272498671.000000
272499703.000000
272566183.000000
272632762.000000
272699245.000000
272765827.000000
272832306.000000
272898874.000000
272965444.000000
273031910.000000
273097862.000000
273163815.000000
273229764.000000
273295788.000000
273361810.000000
273427866.000000
273493887.000000
273559913.000000
273625942.000000
273691985.000000
273758013.000000
273824047.000000
273890091.000000
273956117.000000
274022156.000000
274088180.000000
274154223.000000
274220252.000000
274286298.000000
274352323.000000
274418362.000000
274484391.000000
274550432.000000
274616462.000000
274682500.000000
274748535.000000
274814558.000000
274880605.000000
274946641.000000
275012669.000000
275078705.000000
275144735.000000
275210780.000000
275276817.000000
275343598.000000
275410167.000000
275476116.000000
275542068.000000
275608742.000000
275675418.000000
275741882.000000
275808342.000000
275874291.000000
275940249.000000
276006945.000000
276073515.000000
276140080.000000
276206551.000000
276273125.000000
276339693.000000
276406157.000000
276472729.000000
276539204.000000
276605771.000000
276671821.000000
276738495.000000
276804855.000000
276870805.000000
276936754.000000
277004005.000000
277070464.000000
277136412.000000
277203088.000000
277269660.000000
277336124.000000
277402692.000000
277468641.000000
277534890.000000
277601239.000000
277667285.000000
277733335.000000
277799379.000000
277865424.000000
277931470.000000
277997513.000000
278063559.000000
278129502.000000
278195546.000000
278261591.000000
278327633.000000
278393680.000000
278459625.000000
278525776.000000
278591822.000000
278657870.000000
278723916.000000
278789859.000000
278790367.000000
278856414.000000
278922566.000000
278989018.000000
279054962.000000
279121109.000000
279187056.000000
279253100.000000
279319145.000000
279385189.000000
279451337.000000
279517282.000000
279583329.000000
279649376.000000
279715419.000000
279781462.000000
279847916.000000
279913962.000000
279980007.000000
280046051.000000
280112097.000000
280178142.000000
280244185.000000
280310232.000000
280376688.000000
280442733.000000
280508781.000000
280575412.000000
280641356.000000
280707405.000000
280773448.000000
280839496.000000
280905443.000000
280971490.000000
281037536.000000
281103583.000000
281169630.000000
281235677.000000
281301721.000000
281367766.000000
281433807.000000
281499752.000000
281565795.000000
281631841.000000
281697888.000000
281763934.000000
281829983.000000
281895930.000000
281962079.000000
282028124.000000
282094583.000000
282160869.000000
282227029.000000
282293183.000000
282359229.000000
282425379.000000
282491321.000000
282557366.000000
282623313.000000
282689467.000000
282755413.000000
282821463.000000
282887508.000000
282953655.000000
283019598.000000
283085644.000000
283151591.000000
283217643.000000
283283691.000000
283349639.000000
283415786.000000
283481833.000000
283547881.000000
283614036.000000
283680892.000000
283746941.000000
283812886.000000
283878836.000000
283944885.000000
284011593.000000
284078164.000000
284144631.000000
284211200.000000
284277773.000000
284344240.000000
284410807.000000
284477378.000000
284543843.000000
284609795.000000
284675747.000000
284742428.000000
284809002.000000
284875572.000000
284942036.000000
285007985.000000
285073935.000000
285139881.000000
285205895.000000
285271923.000000
285337960.000000
285403995.000000
285470030.000000
285536060.000000
285602104.000000
285668130.000000
285734175.000000
285800201.000000
285866241.000000
285932282.000000
285998307.000000
285999712.000000
286066284.000000
286133296.000000
286199535.000000
286265958.000000
286332649.000000
286399321.000000
286465883.000000
286532345.000000
286598494.000000
286664544.000000
286730490.000000
286796436.000000
286862587.000000
286928634.000000
286995088.000000
287061134.000000
287127180.000000
287193225.000000
287259269.000000
287325318.000000
287391362.000000
287457310.000000
287523360.000000
287589406.000000
287655556.000000
287722017.000000
287788480.000000
287854428.000000
287920383.000000
287986335.000000
288052354.000000
288118388.000000
288184419.000000
288250456.000000
288316492.000000
288382531.000000
288448561.000000
288514689.000000
288581414.000000
288647366.000000
288713313.000000
288779261.000000
288845266.000000
288911298.000000
288977328.000000
289043374.000000
289110197.000000
289176768.000000
289243239.000000
289309191.000000
289375869.000000
289442341.000000
289508914.000000
289575484.000000
289641943.000000
289708105.000000
289774569.000000
289841030.000000
289907599.000000
289973654.000000
290039824.000000
290106642.000000
290173333.000000
290239762.000000
290306102.000000
290372222.000000
290438558.000000
290504945.000000
290571812.000000
290638389.000000
290704449.000000
290770485.000000
290836786.000000
290903222.000000
290970095.000000
291036666.000000
291103236.000000
291169705.000000
291236275.000000
291302846.000000
291369321.000000
291435270.000000
291501951.000000
291568420.000000
291634988.000000
291635918.000000
291701980.000000
291768547.000000
291834493.000000
291900650.000000
291966696.000000
292032742.000000
292099302.000000
292165757.000000
292231800.000000
292297847.000000
292363792.000000
292429840.000000
292495886.000000
292562797.000000
292628782.000000
292695053.000000
292761101.000000
292827044.000000
292893291.000000
292959234.000000
293025281.000000
293091325.000000
293157375.000000
293223828.000000
293289872.000000
293355815.000000
293422326.000000
293488370.000000
293555002.000000
293621555.000000
293688107.000000
