32773.000000
33178.000000
33873.000000
35494.000000
36419.000000
37439.000000
40767.000000
41766.000000
42272.000000
43455.000000
44874.000000
47182.000000
47589.000000
48934.000000
52231.000000
53164.000000
54193.000000
55202.000000
57180.000000
58178.000000
58587.000000
60645.000000
61154.000000
63208.000000
65647.000000
132187.000000
198708.000000
265238.000000
331777.000000
398314.000000
464842.000000
531377.000000
597906.000000
664446.000000
730390.000000
797273.000000
865097.000000
931634.000000
998167.000000
1065617.000000
1132185.000000
1198709.000000
1265238.000000
1331781.000000
1398307.000000
1464249.000000
1531879.000000
1598398.000000
1664927.000000
1731466.000000
1797989.000000
1864032.000000
1932534.000000
1998579.000000
2066121.000000
2132646.000000
2199260.000000
2265769.000000
2332231.000000
2398782.000000
2465315.000000
2531847.000000
2598378.000000
2664915.000000
2731445.000000
2797595.000000
2864509.000000
2931045.000000
2997592.000000
3064121.000000
3130649.000000
3197188.000000
3263712.000000
3329756.000000
3397781.000000
3463823.000000
3531409.000000
3597848.000000
3665442.000000
3731998.000000
3798534.000000
3865983.000000
3867000.000000
3933540.000000
4000069.000000
4067576.000000
4133618.000000
4200488.000000
4267208.000000
4335280.000000
4402735.000000
4468777.000000
4536365.000000
4603826.000000
4670357.000000
4736917.000000
4803454.000000
4869981.000000
4936535.000000
5003047.000000
5069581.000000
5137681.000000
5205125.000000
5271676.000000
5338209.000000
5404747.000000
5471272.000000
5537317.000000
5604864.000000
5671396.000000
5737942.000000
5804467.000000
5871005.000000
5936947.000000
6004550.000000
6070594.000000
6138083.000000
6204615.000000
6272689.000000
6339223.000000
6405165.000000
6472743.000000
6539308.000000
6605353.000000
6672904.000000
6740459.000000
6807900.000000
6874452.000000
6940975.000000
7007522.000000
7074068.000000
7140584.000000
7207112.000000
7209124.000000
7275686.000000
7342212.000000
7410204.000000
7476652.000000
7543270.000000
7609802.000000
7676329.000000
7742875.000000
7809390.000000
7875433.000000
7943458.000000
8009404.000000
8077040.000000
8143085.000000
8210661.000000
8278195.000000
8344650.000000
8411171.000000
8477741.000000
8544268.000000
8610789.000000
8677321.000000
8743264.000000
8811861.000000
8878396.000000
8944948.000000
9011478.000000
9078017.000000
9144060.000000
9211632.000000
9279096.000000
9345659.000000
9412711.000000
9479256.000000
9545785.000000
9613257.000000
9679201.000000
9746901.000000
9813409.000000
9879950.000000
9947374.000000
10014017.000000
10080541.000000
10148520.000000
10215059.000000
10281590.000000
10348109.000000
10414702.000000
10481183.000000
10549291.000000
10551691.000000
10618324.000000
10684818.000000
10751345.000000
10817883.000000
10884419.000000
10951975.000000
11018483.000000
11085006.000000
11151049.000000
11219022.000000
11285552.000000
11351596.000000
11419117.000000
11485656.000000
11551699.000000
11619276.000000
11685794.000000
11752326.000000
11818866.000000
11884909.000000
11952434.000000
12018973.000000
12085504.000000
12153068.000000
12221036.000000
12287547.000000
12353588.000000
12422130.000000
12488634.000000
12554677.000000
12622211.000000
12688743.000000
12756822.000000
12823342.000000
12889283.000000
12956894.000000
13023405.000000
13089926.000000
13156457.000000
13222996.000000
13289522.000000
13355565.000000
13422313.000000
13490202.000000
13556707.000000
13623232.000000
13689174.000000
13756780.000000
13822822.000000
13890313.000000
13956852.000000
14022998.000000
14026380.000000
14092920.000000
14158964.000000
14226522.000000
14293051.000000
14359580.000000
14426067.000000
14492697.000000
14559186.000000
14625719.000000
14692251.000000
14758783.000000
14824724.000000
14892334.000000
14958827.000000
15024872.000000
15092403.000000
15158447.000000
15225291.000000
15293025.000000
15359532.000000
15425577.000000
15493088.000000
15559620.000000
15626161.000000
15692692.000000
15759226.000000
15825758.000000
15891801.000000
15959323.000000
16025858.000000
16092385.000000
16158920.000000
16225450.000000
16291991.000000
16358528.000000
16425053.000000
16491591.000000
16558117.000000
16624659.000000
16690701.000000
16758211.000000
16826286.000000
16892782.000000
16959304.000000
17025899.000000
17092437.000000
17160421.000000
17226935.000000
17295014.000000
17361546.000000
17428528.000000
17495060.000000
17561601.000000
17628133.000000
17694175.000000
17696157.000000
17762698.000000
17828742.000000
17896260.000000
17962303.000000
18029820.000000
18096364.000000
18162894.000000
18229431.000000
18295475.000000
18362986.000000
18429519.000000
18495562.000000
18564118.000000
18630638.000000
18697166.000000
18763685.000000
18830205.000000
18896744.000000
18963278.000000
19029806.000000
19096438.000000
19162382.000000
19230462.000000
19296990.000000
19363526.000000
19430058.000000
19496594.000000
19563119.000000
19629607.000000
19696145.000000
19762678.000000
19829210.000000
19895764.000000
19961810.000000
20029361.000000
20095305.000000
20164437.000000
20230379.000000
20297933.000000
20364474.000000
20430995.000000
20497524.000000
20563567.000000
20631679.000000
20698178.000000
20765686.000000
20831730.000000
20898449.000000
20966335.000000
21034371.000000
21100866.000000
21167403.000000
21168402.000000
21234344.000000
21301910.000000
21368538.000000
21435037.000000
21501558.000000
21568105.000000
21634619.000000
21701151.000000
21767095.000000
21834751.000000
21902195.000000
21968238.000000
22036341.000000
22102858.000000
22169392.000000
22235925.000000
22302458.000000
22368985.000000
22435523.000000
22503085.000000
22570617.000000
22637129.000000
22703661.000000
22770193.000000
22836724.000000
22903258.000000
22969793.000000
23036324.000000
23102851.000000
23169382.000000
23236939.000000
23303433.000000
23371408.000000
23437453.000000
23504976.000000
23571017.000000
23638479.000000
23706065.000000
23772010.000000
23839649.000000
23906258.000000
23972646.000000
24040755.000000
24107342.000000
24174836.000000
24241371.000000
24307906.000000
24374434.000000
24441943.000000
24508517.000000
24575083.000000
24641530.000000
24643580.000000
24709998.000000
24776603.000000
24843147.000000
24909668.000000
24975716.000000
25043301.000000
25109817.000000
25176345.000000
25242874.000000
25309407.000000
25375939.000000
25442483.000000
25509019.000000
25576989.000000
25643509.000000
25710036.000000
25776572.000000
25843102.000000
25909144.000000
25976672.000000
26043215.000000
26109743.000000
26175788.000000
26243307.000000
26309843.000000
26376374.000000
26442912.000000
26509432.000000
26575474.000000
26644032.000000
26710537.000000
26776579.000000
26844095.000000
26910136.000000
26977088.000000
27045273.000000
27112784.000000
27180334.000000
27246841.000000
27313377.000000
27379902.000000
27446430.000000
27512473.000000
27580476.000000
27646984.000000
27713516.000000
27780045.000000
27846090.000000
27915147.000000
27981635.000000
28048164.000000
28114703.000000
28115709.000000
28182226.000000
28248755.000000
28315387.000000
28381533.000000
28448889.000000
28514935.000000
28583462.000000
28649957.000000
28716101.000000
28783528.000000
28850065.000000
28916600.000000
28983131.000000
29049652.000000
29116186.000000
29182715.000000
29249307.000000
29315852.000000
29383407.000000
29450930.000000
29517434.000000
29583966.000000
29650499.000000
29717030.000000
29782972.000000
29849826.000000
29917632.000000
29984170.000000
30050695.000000
30117228.000000
30184794.000000
30250735.000000
30318304.000000
30384798.000000
30451331.000000
30517866.000000
30583907.000000
30652470.000000
30718517.000000
30785996.000000
30852527.000000
30919150.000000
30985651.000000
31052178.000000
31119191.000000
31185693.000000
31252225.000000
31318752.000000
31386838.000000
31453376.000000
31519901.000000
31586436.000000
31652969.000000
31653966.000000
31720499.000000
31787028.000000
31853562.000000
31920097.000000
31986629.000000
32052570.000000
32120227.000000
32187256.000000
32253199.000000
32320744.000000
32387368.000000
32453414.000000
32519660.000000
32587373.000000
32653420.000000
32722526.000000
32788960.000000
32855505.000000
32922038.000000
32988575.000000
33055106.000000
33121640.000000
33188162.000000
33254698.000000
33321227.000000
33387765.000000
33454294.000000
33520339.000000
33587920.000000
33654934.000000
33721428.000000
33787963.000000
33854006.000000
33920754.000000
33988633.000000
34056172.000000
34123697.000000
34191233.000000
34257732.000000
34324265.000000
34390799.000000
34457329.000000
34524902.000000
34591403.000000
34657940.000000
34725404.000000
34791962.000000
34858544.000000
34925493.000000
34991536.000000
35059081.000000
35126606.000000
35127616.000000
35194154.000000
35260690.000000
35327199.000000
35395273.000000
