10949.000000
12398.000000
12909.000000
13935.000000
14441.000000
14846.000000
15871.000000
16887.000000
17905.000000
18921.000000
19933.000000
20847.000000
21862.000000
22879.000000
23896.000000
24909.000000
25920.000000
26836.000000
27849.000000
28871.000000
29885.000000
30896.000000
31815.000000
32827.000000
33845.000000
34864.000000
35877.000000
36793.000000
37808.000000
38823.000000
39839.000000
40852.000000
41868.000000
42784.000000
43799.000000
44812.000000
45829.000000
46849.000000
47764.000000
48778.000000
49793.000000
50807.000000
51824.000000
52839.000000
53754.000000
54769.000000
55784.000000
56797.000000
57810.000000
58723.000000
59738.000000
60754.000000
61767.000000
62782.000000
63797.000000
64707.000000
65726.000000
132278.000000
198830.000000
265381.000000
331933.000000
398386.000000
464940.000000
531492.000000
598044.000000
664594.000000
731042.000000
797593.000000
864143.000000
930693.000000
997243.000000
1063793.000000
1130245.000000
1196799.000000
1263354.000000
1329908.000000
1396460.000000
1462915.000000
1529466.000000
1596015.000000
1662568.000000
1729117.000000
1795568.000000
1862121.000000
1928672.000000
1995225.000000
2061774.000000
2128323.000000
2194776.000000
2261326.000000
2327879.000000
2394439.000000
2460898.000000
2527455.000000
2594008.000000
2660558.000000
2727106.000000
2793557.000000
2860108.000000
2926658.000000
2993213.000000
3059764.000000
3126220.000000
3192769.000000
3259319.000000
3325871.000000
3392422.000000
3458974.000000
3525431.000000
3591981.000000
3658534.000000
3725086.000000
3791635.000000
3858085.000000
3924635.000000
3991186.000000
4057741.000000
4124293.000000
4190846.000000
4257297.000000
4323845.000000
4390394.000000
4391412.000000
4457962.000000
4524414.000000
4590965.000000
4657524.000000
4724077.000000
4790628.000000
4857076.000000
4923627.000000
4990179.000000
5056732.000000
5123289.000000
5189738.000000
5256291.000000
5322844.000000
5389393.000000
5455945.000000
5522496.000000
5588950.000000
5655502.000000
5722054.000000
5788605.000000
5855058.000000
5921611.000000
5988163.000000
6054717.000000
6121266.000000
6187818.000000
6254268.000000
6320819.000000
6387369.000000
6453919.000000
6520470.000000
6586923.000000
6653473.000000
6720025.000000
6786581.000000
6853137.000000
6919585.000000
6986134.000000
7052683.000000
7119232.000000
7185781.000000
7252331.000000
7318880.000000
7385330.000000
7451881.000000
7518433.000000
7584987.000000
7651536.000000
7717985.000000
7784538.000000
7851090.000000
7917648.000000
7984202.000000
8050656.000000
8117210.000000
8183757.000000
8250310.000000
8316862.000000
8383317.000000
8449866.000000
8516418.000000
8582969.000000
8649517.000000
8716067.000000
8716986.000000
8783540.000000
8850095.000000
8916651.000000
8983204.000000
9049656.000000
9116204.000000
9182756.000000
9249310.000000
9315859.000000
9382307.000000
9448860.000000
9515411.000000
9581965.000000
9648518.000000
9714972.000000
9781527.000000
9848079.000000
9914631.000000
9981180.000000
10047628.000000
10114180.000000
10180735.000000
10247287.000000
10313839.000000
10380391.000000
10446846.000000
10513394.000000
10579945.000000
10646498.000000
10713049.000000
10779499.000000
10846050.000000
10912600.000000
10979152.000000
11045702.000000
11112256.000000
11178707.000000
11245257.000000
11311808.000000
11378363.000000
11444914.000000
11511366.000000
11577918.000000
11644469.000000
11711023.000000
11777575.000000
11844025.000000
11910573.000000
11977125.000000
12043678.000000
12110228.000000
12176778.000000
12243225.000000
12309777.000000
12376327.000000
12442880.000000
12509429.000000
12575986.000000
12642443.000000
12708995.000000
12775546.000000
12842095.000000
12908548.000000
12975101.000000
13041649.000000
13042663.000000
13109216.000000
13175766.000000
13242219.000000
13308770.000000
13375322.000000
13441874.000000
13508423.000000
13574876.000000
13641430.000000
13707982.000000
13774535.000000
13841083.000000
13907633.000000
13974087.000000
14040636.000000
14107190.000000
14173740.000000
14240289.000000
14306739.000000
14373289.000000
14439837.000000
14506389.000000
14572942.000000
14639492.000000
14705945.000000
14772498.000000
14839050.000000
14905601.000000
14972151.000000
15038601.000000
15105151.000000
15171701.000000
15238253.000000
15304805.000000
15371356.000000
15437809.000000
15504360.000000
15570916.000000
15637464.000000
15704012.000000
15770462.000000
15837014.000000
15903566.000000
15970119.000000
16036671.000000
16103222.000000
16169675.000000
16236225.000000
16302779.000000
16369328.000000
16435879.000000
16502330.000000
16568884.000000
16635434.000000
16701988.000000
16768540.000000
16834991.000000
16901541.000000
16968093.000000
17034646.000000
17101197.000000
17167748.000000
17234200.000000
17300752.000000
17301766.000000
17368316.000000
17434868.000000
17501318.000000
17567871.000000
17634423.000000
17700977.000000
17767529.000000
17833980.000000
17900531.000000
17967083.000000
18033637.000000
18100187.000000
18166635.000000
18233185.000000
18299741.000000
18366294.000000
18432843.000000
18499392.000000
18565842.000000
18632397.000000
18698948.000000
18765500.000000
18832047.000000
18898599.000000
18965060.000000
19031617.000000
19098172.000000
19164722.000000
19231171.000000
19297723.000000
19364273.000000
19430826.000000
19497377.000000
19563926.000000
19630374.000000
19696924.000000
19763478.000000
19830028.000000
19896073.000000
19962538.000000
20029092.000000
20095646.000000
20162196.000000
