-38.880749 -18.990877 3.574441 0.201016
-39.986887 -15.921008 3.261471 0.094087
-40.603604 -15.166566 3.074518 0.368135
-37.525307 -19.103134 3.273648 0.095767
-38.679680 -15.900271 3.196918 0.359459
-38.310598 -17.315703 3.044796 0.379114
-39.107052 -18.417671 3.430256 0.044028
-38.420738 -17.551341 3.514865 0.033496
-39.024817 -17.439735 3.470294 0.137561
-38.115082 -18.269596 3.234824 0.173195
-40.481003 -16.410587 3.230865 0.282887
-40.188388 -18.209163 3.665931 0.023659
-38.263187 -17.798411 3.190453 0.209630
-39.545272 -18.272169 3.721142 -0.145867
-37.979915 -19.630873 3.212574 -0.004897
-40.817445 -15.613357 3.268697 0.190356
-38.696010 -18.702287 3.286630 0.253947
-38.787006 -19.357301 3.229968 0.203876
-40.383100 -17.060798 3.467166 0.180917
-38.363890 -20.178062 3.330459 0.083938
-39.578325 -16.637153 3.417177 0.151826
-36.983698 -19.851469 3.252289 0.246276
-36.471738 -19.297507 3.322501 0.247292
-39.035191 -16.442837 3.456075 -0.006161
-37.664379 -19.735842 3.566430 -0.253867
-40.254350 -15.036105 3.291329 0.029820
-37.521432 -20.810757 3.184037 -0.002116
-38.150940 -17.916143 3.006116 0.375730
-39.676431 -15.942333 3.066395 0.273333
-38.041188 -19.107099 3.076346 0.063987
-39.628762 -15.452134 3.187402 0.177522
-38.322934 -18.851862 3.213799 0.101712
-39.820747 -16.462546 2.924208 0.236807
-40.619179 -15.542923 3.193969 0.100746
-39.529632 -18.919570 2.977169 0.353544
-38.905045 -14.512689 3.211605 0.265601
-38.490238 -17.429895 3.220022 0.024206
-38.093360 -16.775445 2.990674 0.104306
-37.367270 -15.307820 3.125663 -0.039270
-36.645878 -17.906218 3.063934 0.087534
-36.981112 -16.032371 3.104975 0.036157
-36.845080 -18.837534 3.241731 0.273559
-37.396362 -15.774111 2.967134 0.266206
-37.705605 -29.755291 15.864118 -0.238468
-36.955679 -32.788845 15.844835 -0.225967
-37.342598 -44.126642 29.093901 -0.321483
-36.455074 -30.295564 11.239531 -0.285427
-36.834445 -22.168475 7.206693 -0.122891
-37.627673 -12.173187 -1.620873 0.176065
-37.390271 -8.592881 -6.725251 0.063424
-37.310993 -11.478175 -1.859092 0.061345
-37.351208 -13.225113 -1.622023 0.136741
-36.445586 -16.088311 1.632580 0.187680
-37.659359 -15.458889 1.526230 0.229410
-35.602871 -14.911176 -1.308282 0.543672
-36.476982 -13.433516 -0.759672 0.180563
-36.337163 -14.619927 -0.566379 0.073257
-35.839939 -16.346054 -0.878567 0.386280
-37.010230 -13.568093 -0.206641 -0.016536
-35.623047 -15.544653 -0.760611 0.236400
-37.877014 -11.883564 -0.633053 0.167755
-37.674423 -13.081870 -0.688227 0.149771
-35.694100 -13.364623 -0.781475 0.163399
-36.535335 -11.863274 -1.056999 0.499433
-34.567847 -14.241091 -0.907169 0.218104
-37.974989 -11.583665 -0.528134 -0.049307
-37.546695 -12.894694 -0.682547 0.053226
-35.793863 -13.595320 -0.895063 0.163470
-37.665192 -11.057386 -0.934352 0.377167
-34.476595 -13.441551 -1.059106 0.398572
-37.114834 -10.349549 -1.042178 0.304437
-35.268628 -14.009716 -0.976728 0.298002
-35.697295 -12.243758 -1.112463 0.421092
-36.687558 -11.057776 -0.916972 0.309002
-35.859569 -14.072980 -1.042933 0.225504
-36.980934 -9.971598 -0.800425 0.101981
-36.003764 -14.603091 -0.998504 0.315360
-34.662037 -14.552569 -0.918472 0.223716
-34.086120 -11.572119 -0.594538 0.001247
-30.996322 -15.211345 -0.600511 -0.057444
-33.089831 -8.548453 -1.341965 0.550285
-35.557212 -16.280042 -0.373051 -0.084124
-29.234902 -12.358241 -0.440016 -0.080386
-34.695960 -5.540809 -1.493758 -0.535439
-32.476749 -12.558256 -0.499639 0.169238
-37.367565 -13.255857 -0.361601 0.315445
-28.447712 -13.720089 -0.303334 0.167893
-31.963825 -15.390413 -0.755403 0.435306
-32.106378 -11.214175 -0.497877 0.572572
-32.481413 -14.889008 -0.584101 0.229756
-31.766859 -8.710725 -0.994203 0.586957
-34.534610 -12.785013 -0.773629 0.827859
-35.299318 -15.770389 0.332129 0.737627
-34.235284 -6.531060 -0.368967 -0.209771
-36.014897 -14.034685 -0.458908 0.747269
-35.833392 -12.049635 0.079848 0.303889
-38.039062 -11.741987 -1.218493 1.175503
-33.113186 -10.109544 -1.294325 0.487001
nan nan nan nan
nan nan nan nan
nan nan nan nan
nan nan nan nan
83.404410 -7.732330 0.038469 -51.412961
87.762001 -10.113965 1.833827 -52.614442
87.503410 -12.760507 1.884489 -52.840688
83.524595 -3.595647 0.267887 -51.792017
nan nan nan nan
nan nan nan nan
nan nan nan nan
40.502374 -12.208784 -0.563033 -32.736650
41.808533 -7.065562 0.465887 -32.646432
44.701505 -11.451488 -0.277049 -33.101769
44.195033 -11.494732 nan nan
nan nan nan nan
nan nan nan nan
-15.979704 -13.363863 0.529640 -6.259174
-13.878927 -14.621780 -0.064280 -6.507560
-18.052092 -9.622636 -0.865513 -5.957649
nan nan nan nan
nan nan nan nan
nan nan nan nan
nan nan nan nan
21.647873 -15.342133 0.462417 -22.821517
26.544358 -14.514233 0.326920 -23.841472
22.592917 -10.305918 -0.485646 -23.871758
17.084239 -11.459622 0.083924 -23.420379
nan nan nan nan
nan nan nan nan
nan nan nan nan
279.935489 -6.845589 0.048334 -13.594365
-1.576659 -9.077849 -0.120624 -14.001321
-1.711484 -13.223066 0.265693 -14.113043
-2.767919 -12.770907 -0.331979 -14.072739
-4.818141 -11.354202 -0.036418 -14.154095
nan nan nan nan
nan nan nan nan
nan nan nan nan
4.472022 -11.118186 -0.471198 -17.834466
0.915636 -12.436292 -0.216427 -17.490360
8.914610 -11.971550 -0.681108 -17.674817
8.347104 -12.591226 0.046602 -18.209334
4.091207 -11.340589 -0.232963 -18.064690
8.185493 -11.217788 -0.383977 -17.877101
4.755620 -11.269560 -0.030140 -17.776580
12.093515 -11.177519 -0.707970 -18.116553
7.342704 -12.863819 0.208531 -18.254359
7.964423 -8.085470 -0.934981 -18.525204
9.063001 -10.452207 -0.407323 -18.546647
6.152146 -11.575196 0.459814 -18.095057
nan nan nan nan
nan nan nan nan
nan nan nan nan
8.501875 -14.488746 1.083706 -18.341437
3.130006 -11.734909 -0.559090 -17.271558
9.455440 -17.259948 0.859393 -17.942997
6.734036 -13.496782 0.351133 -18.308704
4.359724 -11.274478 0.439487 -17.251362
5.062239 -14.331780 0.119036 -17.659614
4.647563 -7.542179 -0.278590 -18.037598
10.183626 -10.787396 -0.326985 -18.271091
1.461158 -11.458613 -0.222186 -17.391241
-0.027650 12.493483 -15.068712 -16.418422
2.520273 21.345448 -15.493972 -15.891561
0.397902 9.915540 -9.480776 -17.179021
2.526077 4.428962 -9.863882 -16.961881
-3.738789 8.180714 -9.208978 -16.982963
0.799805 -4.922565 -4.811630 -16.787629
4.370779 -0.123527 -5.204774 -16.870254
1.126497 4.778424 -7.376403 -17.153111
5.279258 0.342620 -7.675154 -17.582460
0.511351 0.085562 -4.905437 -17.052512
5.505895 -5.028874 -4.821483 -17.770966
106.125924 63.910628 -5.004234 -16.890108
2.493378 1.475485 -5.272953 -16.453748
9.458532 -2.426440 -4.684037 -17.650651
4.815085 -0.499849 -4.824528 -17.756797
2.711093 1.046568 -6.426725 -17.933586
4.343943 -0.199373 -5.549430 -17.431818
2.812498 0.840334 -5.274421 -17.345199
9.875583 -5.167249 -4.877096 -17.632735
3.579736 5.476555 -6.209683 -17.455973
4.350046 4.194269 -6.226295 -16.909974
6.665839 1.932561 -5.999869 -17.530973
7.904171 3.577143 -5.401087 -17.479422
9.681463 -1.425673 -5.445485 -18.074819
9.667947 3.851171 -5.597673 -17.782244
11.970496 -0.274567 -5.759720 -17.701270
10.548468 0.421999 -5.644156 -17.707447
7.077460 4.005713 -5.238082 -17.052953
nan nan nan nan
nan nan nan nan
nan nan -3.083854 -14.517166
2.872776 1.613565 -5.314705 -13.518640
-2.647061 6.706358 -6.228373 -13.034127
2.366158 -0.601215 -5.786430 -13.579599
-3.623527 4.092240 -6.738236 -12.778570
-6.000834 -0.437277 -5.740627 -13.368984
-4.624833 1.020241 -5.552070 -12.508627
1.665498 0.070764 -4.604192 -12.970375
0.621981 0.425003 -5.858868 -13.434271
-3.564859 2.275368 -5.052060 -12.998133
2.176891 2.158633 -5.258517 -13.514586
-0.515104 -11.677948 5.848333 -14.064048
3.774253 -9.641673 5.831145 -13.742340
-2.082398 -6.552003 -4.735806 -12.933726
-3.831713 4.393673 -4.348829 -13.581335
-3.692957 -3.464047 0.412384 -13.114288
1.817363 -5.026444 0.785670 -13.850889
-1.546567 -3.715575 1.167816 -13.281715
-0.895791 -10.464346 0.882132 -13.443640
5.951391 -7.373650 1.332329 -22.484838
9.290436 -6.264623 1.106213 -24.986882
16.656298 -6.258106 1.344446 -30.078672
7.348971 -6.240556 0.592407 -18.540477
8.440932 -9.055428 1.409767 -17.272971
0.368491 -2.252381 0.329126 -12.805761
-5.829060 -1.693674 0.168759 -6.814061
-9.380743 -5.587278 0.463434 -5.297851
-17.594938 -10.157682 0.784002 -0.660526
-20.113013 -9.488405 0.629701 5.352325
-22.108942 -6.645861 0.934100 3.710578
-17.824625 -4.972070 0.223163 2.206028
-8.009789 -7.010839 1.291362 -1.647268
-14.710845 -4.298190 1.011809 -0.541006
-18.025458 -9.316572 1.110936 3.210064
-15.962758 -9.513437 1.415908 2.520920
-11.796918 -2.112493 -0.611658 1.422545
-7.061208 -6.794335 0.837799 0.371497
-15.322626 -4.979378 0.348756 1.228683
-16.095981 -3.783128 -0.117990 0.525251
-17.719538 -8.200414 0.881290 0.988579
-15.882925 -6.525468 1.016423 1.408251
-12.963981 -9.564552 1.281244 0.757497
-18.202956 -2.650694 0.333448 1.019935
-15.830931 -7.393719 0.760355 2.085362
-17.698986 -7.859630 1.215400 0.963220
-8.242473 -7.834581 1.400510 0.349272
-12.112270 -3.230023 0.463552 1.077751
-12.027712 -4.756008 0.906835 0.882991
-11.883262 -8.471617 0.630486 0.831093
-18.365953 -8.192016 1.330862 0.982417
-12.654719 -3.486284 0.950759 0.931590
-12.376610 -7.230871 0.955706 0.897247
-16.139304 -5.257072 0.854395 0.726777
-15.228713 -6.611681 0.367911 1.230415
-14.913040 -3.093715 0.713262 0.929123
-14.601622 -10.561976 0.894291 1.357962
-14.704352 -6.440590 0.151319 1.473200
-18.522996 -5.881600 0.338451 1.076903
nan nan nan nan
nan nan nan nan
nan nan nan nan
11.907218 -4.899427 1.169369 -10.472938
9.519480 -3.094674 1.240488 -10.185346
13.436546 -5.688471 0.569938 -10.772344
nan nan nan nan
nan nan nan nan
nan nan nan nan
-4.443887 -5.030325 1.090446 -3.990678
-2.480241 -10.493647 1.202673 -3.622138
-3.888857 -3.589597 0.214380 -4.009441
-2.287938 -6.263121 1.159349 -3.811484
nan nan nan nan
nan nan nan nan
nan nan nan nan
-3.435521 -8.246887 1.699381 -6.466627
3.123156 -4.949398 0.473168 -5.963225
5.308087 -5.305655 1.980080 -7.117781
-5.498422 -4.622259 1.329552 -6.693868
1.758652 -6.842712 0.694508 -6.903519
1.779674 -1.046381 1.619464 -7.102407
2.812469 -7.241412 0.993519 -6.454564
0.851343 -5.229498 0.421736 -6.213594
-2.889118 -6.067307 1.427842 -6.100524
1.934956 -8.962885 1.499224 -5.382093
-6.976879 -8.460250 1.965908 -6.462404
3.899707 -0.425574 -2.116422 -5.910423
-0.206750 2.300138 -2.217154 -6.044353
-2.089675 -1.847235 -1.466101 -6.523140
2.067462 -3.291221 -1.482720 -6.581134
-0.043868 6.339640 -2.666292 -6.502708
3.431401 -1.636886 -1.737911 -6.246110
2.457587 1.442756 -2.109905 -7.140571
4.212076 -0.283302 -1.822122 -6.356641
-0.866701 -4.532811 -1.779799 -5.708051
-0.404695 0.105206 -2.395392 -6.282348
0.079633 1.300187 -1.994015 -6.527349
1.639617 0.261263 -1.781290 -6.286313
5.308701 -0.664439 -1.721773 -6.533659
1.054087 1.683854 -2.830732 -5.848135
1.487562 4.728602 -2.270937 -6.115616
1.909494 -1.225209 -1.336279 -6.774704
-0.075308 0.081745 -1.976563 -5.990495
0.617296 0.138035 -1.793493 -6.138008
3.900976 -2.229104 -1.669801 -6.264858
-4.054344 -2.565570 -2.180818 1.292455
-8.148659 1.094798 -2.405561 1.518258
-0.760171 3.143860 -3.193738 -2.646608
-4.953155 3.113613 -2.009459 -3.202178
-7.428132 1.486125 -2.488178 1.887020
-5.392418 -0.334062 -2.634638 0.868800
0.103160 3.955091 -2.494413 -0.256992
-5.666768 -0.364008 -2.199794 0.083139
-4.834973 1.343021 -1.989932 0.209795
-4.660012 -2.901318 -2.663946 0.185578
-4.109684 -0.754118 -1.725944 -0.058339
3.497581 -0.489240 -1.728457 -0.156922
4.077270 -5.923893 2.722526 0.227200
0.941361 -3.511262 2.870069 0.064072
0.259390 -2.646768 0.121958 -0.185881
-6.374454 -4.063376 0.053801 0.957937
-3.641559 -2.609040 -0.203810 0.756419
-3.102283 -1.202788 -0.510885 0.760127
-3.300468 -1.547733 -0.606001 0.137441
-3.476176 -3.444056 -0.514749 0.672764
-4.727139 -2.820485 -0.094094 0.807456
0.085637 -5.380215 -0.171864 0.322852
-6.801888 -4.248085 -0.520833 0.478893
-8.857359 -0.771618 -0.364635 -0.097945
0.265309 -3.820809 0.195799 0.059486
-1.848824 -3.261996 0.135069 0.519695
-9.159973 -4.583614 0.043869 1.004254
-3.373008 -1.734637 -0.132973 0.111908
-1.917977 1.453710 0.118528 0.336910
-5.469931 -0.591863 -0.243661 0.572278
-4.032431 2.442116 -0.515458 0.535214
-5.156337 -4.403321 -0.114227 0.979006
-6.698205 -2.096856 0.301246 1.168636
-11.097689 -0.494529 -0.353736 1.304054
-1.794944 -4.166628 -0.154069 1.485180
-1.578884 3.226022 -0.631590 -0.018198
-2.352335 -1.383313 -0.562999 0.830037
-3.248088 -3.161396 -0.607035 0.518376
-7.178103 0.313897 -0.232236 -0.142567
-6.392006 -0.056057 -1.580150 1.134463
-0.690568 -1.596158 -0.709081 -0.369698
-4.821143 -3.339170 -1.024514 0.428999
-1.505455 -3.075416 -0.357238 -0.218999
-6.153093 1.315521 -0.826721 0.569860
-3.212930 0.185865 -1.064604 0.525562
-3.413440 3.179102 -1.022088 0.237319
-0.836248 0.040926 -0.301740 0.060610
-3.106190 3.675627 -0.645908 0.100763
-1.846203 -0.439960 0.079668 0.352240
-0.581007 -2.931593 0.215013 -0.163040
-8.762526 2.969452 -0.943336 0.468978
-10.404217 -3.811119 -0.926097 0.687306
-3.016155 -1.293978 0.006410 0.572110
-7.128662 2.775611 -0.762245 0.387511
-4.125457 -2.653696 -0.618869 0.036063
-8.561119 3.781431 -0.708466 0.362243
-6.582441 0.846442 -0.546598 0.057696
-4.663245 -0.130009 -0.509216 -0.074361
-5.764990 0.050986 -0.327395 0.307015
-3.665825 -2.525128 -0.276571 0.290002
-4.353383 2.337679 -0.202400 0.075818
-2.797330 -0.304076 -0.403387 0.350744
-2.177793 -0.695975 -0.071753 0.063041
-3.216638 2.215260 -0.229965 0.204884
-3.323635 -0.806472 -0.267484 0.437543
-2.073507 -3.006666 -0.431088 0.492947
-2.911039 -0.713543 -0.294589 0.190394
-0.144403 -2.332991 -0.664707 0.315063
